0
2
3
4
4
12
13
29
30
30
30
31
31
32
39
46
49
60
61
64
68
70
72
82
83
85
86
112
112
113
114
115
115
115
115
116
121
125
128
128
129
131
144
144
145
145
145
145
148
152
152
335
335
335
335
336
336
336
336
336
336
337
337
337
338
338
349
398
416
418
425
430
430
431
442
443
453
454
550
550
550
551
553
554
554
554
554
554
554
555
555
555
555
555
556
556
556
556
556
557
557
557
557
557
557
558
558
558
558
558
559
559
559
559
559
567
567
567
570
574
577
577
587
587
587
588
592
598
599
602
604
609
617
621
623
623
627
629
632
634
636
639
645
647
652
652
652
660
663
664
664
680
680
680
681
681
683
685
688
693
699
700
703
707
708
710
712
715
725
725
738
738
739
739
746
746
746
746
747
748
750
755
854
855
855
855
855
856
856
856
856
856
856
857
857
857
857
857
857
863
864
866
866
867
867
867
870
870
870
870
871
875
879
882
885
886
891
894
911
912
912
912
914
914
914
917
917
933
933
933
933
933
934
935
938
958
958
958
958
958
959
960
960
961
961
963
965
970
970
974
975
981
982
993
993
993
993
1001
1001
1001
1001
1002
1002
1002
1012
1012
1017
1017
1017
1017
1028
1028
1029
1071
1071
1071
1074
1075
1086
1086
1086
1090
1090
1095
1098
1103
1108
1113
1122
1122
1124
1129
1131
1133
1136
1139
1144
1149
1150
1153
1156
1157
1160
1163
1164
1173
1173
1175
1176
1177
1179
1180
1183
1183
1190
1190
1190
1190
1191
1197
1198
1198
1200
1200
1202
1204
1205
1210
1210
1213
1214
1218
1218
1218
1222
1224
1235
1235
1236
1247
1247
1248
1248
1248
1248
1248
1248
1250
1259
1261
1261
1265
1265
1380
1380
1385
1385
1385
1386
1386
1386
1386
1387
1387
1387
1387
1387
1388
1388
1388
1388
1388
1389
1389
1392
1392
1392
1392
1393
1393
1393
1393
1393
1393
1393
1394
1397
1398
1398
1398
1398
1398
1410
1410
1410
1410
1411
1412
1418
1418
1418
1421
1425
1427
1429
1431
1433
1435
1439
1442
1448
1448
1448
1454
1456
1459
1461
1463
1465
1465
1467
1472
1473
1484
1484
1484
1485
1485
1485
1492
1496
1504
1506
1506
1551
1555
1556
1556
1558
1561
1567
1568
1572
1574
1578
1579
1590
1590
1590
1590
1597
1597
1597
1597
1603
1606
1607
1610
1610
1610
1611
1611
1613
1615
1645
1646
1647
1647
1647
1647
1647
1648
1656
1658
1659
1662
1662
1664
1666
1671
1672
1674
1675
1677
1680
1683
1684
1687
1687
1690
1694
1696
1696
1699
1701
1701
1704
1708
1708
1709
1710
1715
1716
1719
1719
1720
1722
1722
1724
1726
1737
1737
1737
1737
1738
1738
1738
1741
1742
1742
1745
1746
1747
1749
1751
1752
1755
1755
1757
1759
1772
1772
1772
1773
1777
1777
1779
1780
1780
1784
1785
1791
1795
1795
1795
1795
1796
1799
1799
1799
1801
1804
1804
1810
1810
1810
1811
1902
1902
1902
1902
1903
1903
1903
1904
1904
1905
1907
1907
1907
1907
1908
1908
1908
1908
1909
1909
1909
1909
1910
1910
1910
1910
1911
1911
1911
1911
1912
1912
1912
1912
1912
1913
1913
1913
1913
1913
1914
1914
1914
1914
1918
1919
1919
1919
1919
1919
1920
1920
1920
1920
1920
1928
1928
1928
1928
1928
1930
1933
1933
1935
1937
1938
1941
1941
1943
1945
1957
1973
1976
1976
1976
1976
1976
1977
1977
1977
1977
1977
1978
1984
1992
1992
1992
1992
1992
1993
2004
2004
2006
2007
2007
2010
2012
2014
2015
2023
2027
2029
2030
2034
2037
2039
2053
2053
2053
2053
2053
2061
2062
2062
2070
2073
2073
2073
2073
2074
2075
2077
2079
2079
2082
2087
2088
2106
2106
2107
2107
2107
2107
2108
2110
2110
2114
2117
2119
2128
2130
2130
2131
2132
2132
2134
2134
2146
2146
2150
2150
2151
2151
2151
2152
2154
2157
2159
2160
2164
2165
2167
2186
2186
2188
2188
2189
2189
2190
2193
2193
2194
2196
2196
2201
2204
2204
2207
2211
2212
2216
2217
2218
2220
2222
2227
2227
2248
2248
2248
2248
2248
2249
2249
2249
2249
2249
2252
2252
2260
2260
2260
2270
2270
2272
2272
2272
2272
2272
2288
2288
2288
2288
2290
2290
2291
2291
2299
2299
2304
2304
2304
2310
2311
2314
2314
2314
2314
2315
2319
2319
2323
2323
2328
2328
2330
2331
2332
2337
2426
2427
2427
2427
2427
2428
2428
2428
2428
2429
2429
2429
2430
2430
2430
2430
2431
2431
2431
2432
2432
2432
2432
2432
2433
2433
2433
2433
2434
2434
2434
2434
2435
2435
2435
2435
2435
2436
2436
2436
2436
2437
2437
2437
2437
2437
2457
2457
2457
2457
2457
2458
2461
2461
2478
2478
2478
2478
2478
2479
2479
2480
2480
2480
2480
2482
2484
2485
2489
2491
2494
2495
2496
2496
2508
2511
2514
2514
2517
2537
2537
2537
2537
2537
2538
2540
2543
2555
2555
2556
2575
2576
2576
2578
2578
2579
2579
2579
2580
2586
2586
2586
2593
2597
2597
2597
2599
2608
2609
2610
2614
2614
2614
2627
2627
2627
2628
2628
2629
2630
2632
2636
2640
2641
2643
2644
2648
2650
2655
2659
2659
2660
2662
2664
2666
2675
2677
2697
2697
2698
2698
2698
2698
2704
2708
2708
2709
2712
2714
2716
2719
2725
2725
2726
2728
2731
2737
2739
2741
2751
2751
2751
2752
2752
2753
2771
2771
2771
2771
2772
2775
2775
2775
2775
2775
2776
2785
2786
2786
2786
2788
2788
2803
2803
2813
2813
2814
2814
2814
2815
2818
2818
2818
2821
2834
2856
2856
2857
2857
2857
2857
2857
2858
2858
2858
2858
2861
2861
2950
2950
2951
2951
2951
2952
2952
2952
2952
2953
2953
2953
2953
2953
2954
2954
2954
2954
2954
2955
2955
2955
2955
2956
2956
2956
2956
2957
2957
2957
2957
2957
2958
2958
2958
2958
2959
2959
2959
2959
2959
2959
2960
2962
2962
2965
2975
2977
2977
2998
2998
2998
2998
2998
2998
2999
2999
2999
2999
3000
3000
3004
3011
3013
3013
3017
3027
3027
3029
3029
3039
3039
3040
3040
3040
3040
3052
3053
3056
3056
3065
3066
3071
3072
3072
3072
3073
3073
3075
3076
3099
3103
3103
3103
3104
3104
3104
3105
3105
3105
3105
3105
3116
3117
3117
3117
3117
3117
3117
3118
3121
3121
3123
3127
3127
3130
3131
3135
3137
3139
3142
3145
3146
3148
3174
3178
3178
3179
3179
3179
3179
3179
3190
3191
3191
3191
3192
3194
3214
3217
3217
3217
3217
3223
3227
3229
3232
3233
3238
3240
3241
3244
3246
3247
3253
3255
3256
3258
3260
3274
3275
3275
3275
3305
3305
3305
3306
3306
3316
3316
3316
3337
3337
3337
3337
3337
3337
3338
3350
3351
3357
3357
3358
3358
3360
3363
3374
3375
3375
3375
3474
3474
3475
3475
3475
3475
3476
3476
3476
3476
3477
3477
3477
3477
3477
3519
3520
3520
3520
3520
3520
3520
3521
3521
3521
3521
3521
3521
3522
3522
3522
3522
3522
3522
3523
3523
3523
3523
3538
3538
3538
3539
3539
3539
3539
3539
3539
3540
3540
3545
3547
3549
3550
3553
3556
3557
3562
3562
3563
3573
3577
3579
3580
3580
3584
3585
3593
3593
3593
3593
3600
3604
3607
3627
3630
3630
3630
3630
3634
3642
3643
3646
3649
3650
3652
3656
3660
3662
3673
3673
3677
3689
3689
3689
3689
3690
3692
3692
3694
3697
3700
3703
3716
3719
3721
3726
3727
3729
3743
3743
3744
3744
3744
3750
3750
3750
3750
3752
3755
3758
3769
3770
3770
3776
3776
3777
3781
3784
3787
3789
3793
3795
3810
3810
3813
3815
3815
3820
3826
3838
3838
3839
3844
3848
3855
3859
3861
3866
3867
3870
3874
3878
3896
3896
3898
3899
3899
3900
3903
4002
4002
4002
4003
4003
4003
4003
4004
4004
4004
4004
4004
4005
4005
4005
4005
4006
4006
4006
4006
4007
4007
4007
4007
4008
4008
4008
4008
4009
4009
4009
4010
4010
4010
4010
4011
4016
4016
4017
4025
4038
4038
4038
4039
4039
4042
4044
4048
4054
4060
4062
4074
4074
4077
4096
4096
4097
4097
4097
4097
4104
4106
4108
4111
4114
4116
4122
4123
4127
4128
4131
4132
4138
4151
4153
4153
4153
4154
4154
4170
4171
4173
4173
4175
4180
4181
4184
4194
4195
4217
4221
4221
4222
4229
4232
4243
4243
4243
4246
4248
4252
4255
4257
4258
4265
4267
4271
4275
4277
4279
4284
4289
4290
4295
4295
4295
4298
4310
4314
4314
4316
4318
4321
4329
4330
4333
4336
4340
4341
4347
4351
4355
4355
4357
4358
4370
4374
4374
4374
4376
4378
4382
4387
4390
4393
4395
4398
4400
4413
4413
4415
4418
4421
4425
4430
4434
4524
4525
4525
4525
4526
4526
4526
4526
4526
4527
4527
4527
4527
4527
4527
4528
4528
4528
4528
4528
4528
4529
4529
4529
4539
4539
4539
4539
4539
4540
4540
4549
4550
4550
4555
4555
4578
4579
4579
4579
4579
4579
4589
4592
4592
4596
4600
4602
4606
4612
4624
4624
4624
4647
4647
4661
4662
4662
4662
4663
4663
4665
4666
4671
4677
4677
4681
4689
4689
4707
4719
4719
4719
4720
4720
4720
4720
4720
4721
4736
4737
4738
4738
4738
4742
4765
4765
4766
4766
4767
4767
4768
4769
4770
4771
4773
4779
4779
4782
4787
4789
4793
4795
4797
4799
4805
4815
4815
4815
4815
4817
4819
4821
4822
4824
4827
4840
4840
4840
4841
4841
4841
4843
4847
4848
4850
4854
4855
4857
4860
4863
4872
4872
4872
4879
4881
4885
4885
4885
4886
4894
4894
4907
4907
4908
4908
4908
4943
4943
4943
4943
4943
4944
4955
4955
4957
4957
4957
5048
5048
5048
5049
5049
5049
5049
5050
5050
5050
5050
5050
5050
5051
5051
5051
5051
5051
5051
5051
5052
5052
5064
5064
5064
5065
5065
5065
5072
5072
5072
5072
5072
5075
5075
5079
5081
5082
5085
5089
5104
5104
5104
5104
5112
5112
5112
5125
5125
5126
5126
5126
5136
5136
5140
5140
5141
5142
5151
5152
5152
5154
5173
5174
5186
5187
5187
5189
5189
5189
5192
5194
5198
5200
5203
5205
5219
5222
5223
5226
5226
5238
5360
5360
5360
5362
5363
5363
5363
5363
5363
5364
5364
5364
5364
5365
5366
5374
5374
5380
5380
5381
5381
5382
5382
5384
5384
5384
5384
5384
5385
5386
5390
5390
5390
5390
5390
5390
5392
5393
5393
5393
5393
5393
5393
5393
5394
5397
5404
5404
5406
5414
5415
5420
5422
5424
5438
5439
5440
5441
5447
5457
5457
5464
5470
5471
5471
5473
5478
5572
5573
5573
5573
5574
5574
5575
5575
5575
5575
5575
5575
5576
5576
5576
5576
5576
5582
5583
5585
5589
5600
5600
5603
5607
5618
5618
5621
5623
5630
5632
5635
5643
5653
5657
5660
5661
5675
5675
5678
5695
5699
5699
5713
5713
5716
5723
5726
5734
5744
5744
5744
5752
5756
5759
5762
5766
5771
5778
5781
5784
5785
5802
5802
5803
5808
5811
5813
5818
5818
5819
5825
5836
5836
5838
5842
5848
5855
5868
5868
5868
5881
5882
5882
5886
5900
5900
5921
5924
5926
5929
5933
5936
5939
5943
5950
5962
5962
5969
5969
5969
5983
5990
5991
6005
6095
6095
6095
6095
6095
6096
6096
6096
6096
6096
6096
6096
6096
6096
6097
6097
6097
6097
6097
6097
6098
6107
6118
6121
6121
6122
6135
6138
6139
6153
6156
6156
6161
6164
6175
6175
6176
6185
6190
6193
6194
6201
6201
6203
6208
6213
6215
6218
6221
6224
6228
6235
6237
6240
6242
6245
6248
6252
6256
6267
6270
6271
6273
6274
6280
6293
6293
6294
6294
6294
6314
6315
6316
6317
6317
6323
6328
6332
6333
6334
6338
6339
6341
6353
6354
6356
6358
6361
6364
6369
6372
6374
6376
6377
6382
6407
6407
6407
6409
6410
6413
6415
6436
6436
6437
6437
6438
6441
6476
6476
6478
6478
6479
6488
6493
6498
6501
6504
6508
6516
6520
6525
6620
6620
6620
6621
6621
6621
6622
6622
6622
6622
6622
6623
6623
6623
6624
6624
6624
6624
6624
6624
6625
6625
6625
6634
6636
6642
6645
6648
6651
6658
6669
6669
6675
6681
6684
6687
6687
6689
6697
6701
6706
6710
6712
6716
6718
6732
6735
6735
6736
6740
6743
6750
6754
6756
6760
6764
6765
6773
6775
6778
6787
6787
6799
6801
6804
6807
6811
6813
6816
6824
6826
6830
6832
6834
6838
6844
6847
6850
6852
6855
6856
6867
6872
6901
6901
6901
6901
6902
6902
6902
6902
6905
6915
6920
6921
6929
6938
6939
6942
6946
6950
6965
6968
6968
6971
6973
6977
6989
6989
6990
6995
7000
7000
7005
7013
7018
7021
7025
7027
7031
7035
7039
7042
7046
7049
7052
7145
7145
7145
7146
7146
7146
7146
7147
7147
7147
7147
7147
7148
7148
7148
7148
7148
7149
7149
7149
7149
7149
7149
7150
7150
7150
7150
7150
7151
7151
7160
7162
7164
7168
7176
7180
7181
7185
7198
7198
7199
7201
7203
7211
7214
7217
7222
7222
7230
7232
7232
7239
7240
7241
7245
7248
7256
7259
7259
7265
7265
7273
7277
7277
7281
7284
7286
7289
7292
7298
7299
7303
7304
7308
7318
7320
7322
7324
7336
7336
7337
7337
7342
7344
7349
7351
7378
7378
7378
7379
7379
7380
7381
7383
7390
7437
7437
7437
7438
7438
7438
7438
7438
7439
7439
7439
7439
7439
7441
7441
7444
7446
7449
7477
7477
7478
7478
7478
7482
7487
7491
7493
7497
7501
7513
7513
7516
7518
7522
7535
7535
7535
7540
7551
7551
7555
7557
7560
7566
7567
7572
7573
7578
7578
7578
7668
7669
7669
7670
7670
7670
7670
7670
7670
7671
7671
7671
7671
7671
7671
7672
7672
7672
7672
7672
7673
7673
7673
7673
7678
7697
7697
7697
7698
7705
7705
7705
7705
7710
7710
7722
7722
7722
7723
7728
7728
7742
7742
7745
7748
7752
7755
7755
7758
7763
7767
7768
7771
7780
7781
7782
7787
7796
7797
7797
7809
7994
7994
7994
7994
7995
7996
7996
7997
7998
7998
8002
8003
8003
8003
8003
8004
8007
8007
8007
8007
8008
8008
8008
8008
8009
8009
8009
8010
8010
8010
8010
8010
8011
8011
8011
8011
8024
8024
8024
8024
8024
8025
8026
8026
8026
8027
8027
8030
8035
8037
8040
8047
8048
8053
8056
8060
8070
8080
8082
8082
8083
8094
8098
8100
8101
8196
8196
8196
8197
8197
8197
8197
8197
8198
8198
8198
8198
8198
8199
8199
8199
8199
8200
8200
8200
8200
8200
8200
8201
8201
8201
8201
8201
8204
8204
8205
8217
8218
8218
8220
8224
8227
8230
8233
8235
8239
8245
8248
8251
8254
8257
8260
8273
8276
8278
8288
8291
8294
8298
8307
8313
8315
8318
8318
8328
8333
8334
8345
8354
8354
8358
8370
8373
8375
8379
8390
8392
8395
8401
8404
8406
8406
8411
8418
8421
8424
8427
8431
8435
8438
8446
8449
8452
8455
8458
8461
8466
8471
8483
8483
8490
8490
8490
8490
8502
8502
8502
8502
8504
8516
8517
8517
8517
8526
8530
8535
8535
8538
8542
8551
8553
8559
8565
8570
8575
8579
8620
8718
8719
8719
8719
8719
8719
8720
8720
8720
8720
8720
8720
8720
8721
8721
8721
8721
8721
8722
8722
8722
8722
8722
8722
8722
8723
8723
8723
8725
8729
8736
8741
8741
8745
8750
8753
8760
8764
8764
8768
8770
8782
8783
8792
8793
8807
8807
8807
8816
8821
8823
8831
8835
8840
8842
8856
8859
8862
8862
8867
8870
8871
8881
8884
8889
8891
8897
8899
8907
8931
8931
8932
8932
8932
8935
8939
8941
8947
8950
8953
8963
8967
8971
8984
8984
8984
8990
8993
9008
9008
9013
9017
9020
9026
9027
9054
9055
9055
9055
9055
9056
9068
9068
9076
9077
9086
9087
9097
9100
9101
9102
9112
9117
9120
9125
9129
9144
9144
9151
9242
9242
9242
9242
9243
9243
9243
9243
9243
9244
9244
9244
9244
9244
9245
9245
9248
9252
9260
9262
9268
9270
9285
9285
9292
9294
9298
9301
9304
9304
9311
9313
9318
9322
9324
9329
9333
9335
9337
9340
9343
9346
9356
9357
9358
9360
9363
9366
9377
9387
9387
9387
9387
9391
9397
9403
9407
9411
9416
9416
9424
9427
9429
9433
9435
9440
9454
9457
9459
9464
9471
9472
9480
9485
9489
9493
9497
9501
9509
9511
9514
9516
9518
9523
9529
9541
9543
9544
9545
9545
9547
9560
9570
9583
9583
9583
9583
9586
9596
9600
9605
9608
9617
9619
9621
9625
9629
9630
9634
9637
9641
9643
9653
9654
9656
9667
9670
9670
9671
9674
9793
9793
9794
9794
9795
9795
9795
9796
9796
9796
9797
9797
9798
9798
9798
9798
9799
9799
9799
9800
9800
9800
9801
9801
9801
9802
9802
9802
9802
9803
9816
9816
9817
9821
9825
9829
9832
9837
9841
9851
9855
9857
9861
9861
9870
9872
9883
9883
9884
9887
9891
9894
9900
9903
9907
9910
9913
9917
9930
9935
9935
9939
9942
9948
9955
9960
9968
9978
9982
9987
9990
9993
9998
10006
10009
10011
10022
10026
10026
10037
10039
10043
10047
10052
10056
10063
10067
10072
10076
10081
10091
10092
10096
10098
10103
10106
10109
10120
10120
10122
10124
10143
10143
10143
10153
10156
10160
10166
10168
10172
10179
10185
10187
10188
10193
10197
10294
10294
10294
10295
10295
10295
10295
10295
10296
10296
10320
10320
10320
10323
10324
10324
10324
10324
10325
10325
10326
10326
10326
10326
10327
10327
10327
10327
10327
10328
10328
10328
10329
10330
10334
10348
10348
10348
10349
10351
10354
10356
10363
10364
10365
10372
10380
10382
10387
10390
10391
10398
10400
10411
10412
10416
10435
10435
10435
10436
10436
10437
10443
10445
10463
10463
10464
10464
10473
10475
10479
10479
10489
10489
10490
10495
10506
10506
10507
10510
10524
10524
10524
10525
10538
10539
10539
10539
10548
10549
10558
10558
10558
10566
10568
10571
10572
10573
10576
10579
10588
10589
10591
10593
10600
10601
10604
10607
10614
10616
10620
10647
10649
10652
10653
10653
10653
10653
10653
10656
10659
10665
10669
10672
10675
10678
10690
10696
10696
10697
10700
10703
10705
10719
10719
10719
10721
10725
10814
10814
10815
10815
10815
10815
10816
10816
10816
10816
10817
10817
10817
10817
10817
10817
10818
10818
10818
10818
10818
10818
10819
10823
10829
10832
10840
10842
10849
10852
10856
10859
10865
10868
10872
10875
10879
10882
10897
10897
10898
10898
10899
10910
10912
10925
10936
10936
10937
10937
10937
10946
10950
10953
10967
10967
10967
10970
10974
10975
10979
10983
10985
11000
11000
11000
11007
11011
11011
11020
11022
11022
11027
11034
11034
11047
11047
11049
11051
11061
11061
11062
11065
11067
11070
11081
11083
11085
11094
11096
11096
11100
11110
11110
11116
11116
11119
11124
11160
11160
11162
11162
11162
11162
11163
11172
11174
11178
11183
11187
11190
11193
11198
11204
11209
11213
11214
11216
11220
11225
11228
11230
11233
11234
11237
11248
11248
11338
11338
11339
11339
11339
11339
11340
11340
11340
11341
11341
11341
11341
11341
11341
11342
11342
11342
11342
11343
11343
11343
11343
11344
11347
11351
11353
11358
11362
11369
11371
11385
11385
11385
11387
11398
11398
11402
11403
11410
11410
11418
11420
11431
11433
11436
11440
11448
11452
11462
11462
11467
11468
11473
11480
11484
11488
11501
11502
11506
11508
11511
11522
11522
11527
11535
11538
11543
11553
11554
11561
11561
11568
11576
11577
11582
11584
11599
11600
11603
11610
11610
11616
11618
11622
11626
11627
11634
11643
11643
11644
11652
11652
11652
11657
11661
11663
11666
11667
11675
11683
11683
11701
11701
11702
11707
11708
11708
11708
11712
11716
11719
11726
11732
11735
11745
11745
11757
11758
11768
11769
11769
11770
11770
11773
11863
11863
11863
11864
11864
11864
11864
11865
11865
11865
11865
11866
11866
11866
11866
11866
11867
11867
11867
11867
11868
11868
11869
11872
11872
11878
11886
11895
11895
11895
11896
11899
11905
11910
11914
11918
11920
11932
11932
11933
11943
11946
11946
11949
11955
11955
11959
11966
11969
11973
11974
11977
11985
11987
11988
11992
11994
11998
12003
12013
12014
12014
12014
12015
12028
12031
12031
12032
12032
12035
12044
12045
12047
12048
12061
12062
12062
12069
12072
12072
12074
12074
12077
12083
12087
12090
12093
12105
12106
12134
12134
12134
12134
12135
12135
12135
12135
12135
12135
12145
12147
12156
12162
12166
12171
12176
12181
12187
12193
12197
12201
12213
12213
12214
12223
12223
12223
12225
12236
12236
12245
12248
12252
12252
12256
12261
12269
12273
12279
12284
12288
12292
12386
12387
12387
12387
12387
12388
12388
12388
12388
12389
12389
12389
12389
12389
12390
12390
12390
12390
12390
12391
12391
12391
12391
12391
12391
12392
12396
12408
12408
12408
12418
12421
12422
12425
12430
12434
12445
12448
12448
12455
12456
12468
12469
12481
12481
12482
12485
12490
12498
12501
12507
12513
12514
12517
12526
12529
12531
12535
12539
12545
12561
12562
12563
12568
12573
12576
12584
12586
12591
12611
12611
12612
12612
12612
12622
12625
12625
12627
12647
12647
12647
12647
12648
12648
12651
12659
12662
12665
12668
12671
12674
12689
12691
12693
12695
12702
12705
12711
12714
12718
12723
12726
12731
12737
12743
12746
12747
12755
12765
12768
12773
12778
12782
12794
12797
12797
12799
12809
12812
12815
12816
12820
12911
12911
12912
12912
12912
12912
12913
12913
12913
12913
12914
12914
12914
12914
12915
12915
12915
12915
12915
12916
12916
12916
12916
12923
12932
12932
12938
12946
12947
12955
12956
12963
12964
12967
12969
12970
12974
12982
12994
12995
12996
12999
13002
13011
13025
13027
13027
13031
13031
13032
13046
13049
13051
13056
13060
13065
13073
13078
13082
13085
13107
13107
13108
13108
13108
13115
13117
13121
13128
13128
13136
13137
13137
13140
13143
13147
13151
13154
13157
13167
13197
13198
13198
13198
13198
13198
13202
13207
13208
13220
13222
13235
13236
13237
13240
13245
13251
13260
13263
13266
13270
13275
13281
13291
13292
13295
13296
13306
13308
13315
13321
13324
13327
13332
13336
13342
13345
13435
13435
13435
13435
13436
13436
13436
13436
13436
13436
13436
13436
13437
13437
13437
13437
13437
13437
13438
13438
13438
13438
13438
13449
13453
13453
13454
13455
13461
13463
13471
13478
13478
13481
13482
13484
13485
13496
13499
13500
13504
13504
13515
13516
13516
13516
13522
13525
13528
13531
13535
13538
13545
13547
13568
13568
13568
13568
13568
13571
13582
13582
13583
13584
13597
13597
13597
13599
13613
13629
13630
13631
13632
13633
13634
13634
13635
13635
13636
13646
13648
13651
13654
13662
13668
13669
13674
13678
13682
13707
13707
13707
13707
13707
13715
13715
13721
13735
13735
13735
13736
13737
13743
13748
13753
13756
13757
13761
13768
13771
13774
13776
13779
13789
13790
13792
13794
13797
13799
13801
13811
13813
13819
13823
13829
13831
13840
13853
13857
13863
13863
13863
13867
13870
13962
13962
13962
13963
13963
13963
13963
13963
13964
13964
13964
13964
13964
13965
13965
13965
13965
13965
13966
13966
13966
13966
13966
13967
13975
13985
13986
13990
13990
13996
13996
14000
14007
14007
14008
14017
14017
14025
14026
14026
14035
14038
14038
14048
14049
14056
14060
14062
14064
14066
14078
14080
14085
14090
14091
14106
14107
14107
14118
14118
14122
14122
14129
14134
14134
14137
14137
14151
14153
14154
14156
14156
14159
14162
14167
14171
14179
14181
14184
14188
14206
14207
14207
14207
14209
14212
14215
14216
14222
14224
14227
14245
14248
14248
14248
14256
14256
14257
14267
14268
14274
14277
14284
14286
14293
14295
14311
14313
14315
14317
14320
14326
14332
14333
14334
14337
14340
14351
14353
14358
14367
14370
14376
14383
14385
14393
14484
14484
14485
14485
14485
14486
14486
14486
14486
14487
14487
14487
14487
14488
14488
14488
14488
14489
14489
14489
14495
14496
14496
14496
14496
14503
14506
14510
14515
14517
14521
14527
14531
14534
14539
14540
14543
14555
14556
14559
14571
14571
14572
14580
14585
14586
14590
14590
14607
14617
14617
14617
14618
14620
14623
14629
14635
14639
14643
14645
14654
14658
14658
14659
14661
14663
14665
14667
14677
14677
14678
14689
14689
14693
14693
14697
14698
14699
14704
14705
14716
14719
14722
14722
14724
14728
14730
14736
14742
14742
14745
14749
14751
14767
14767
14768
14771
14780
14782
14790
14790
14791
14793
14794
14796
14801
14803
14810
14813
14827
14828
14830
14831
14844
14844
14846
14849
14877
14877
14878
14878
14878
14878
14887
14887
14895
14895
14898
14901
14906
14915
14919
15008
15009
15009
15009
15010
15010
15010
15011
15011
15012
15012
15012
15013
15013
15013
15014
15014
15014
15015
15015
15016
15016
15016
15016
15020
15027
15028
15037
15039
15039
15048
15048
15049
15051
15054
15058
15068
15074
15079
15080
15086
15089
15100
15101
15118
15127
15129
15135
15137
15139
15140
15141
15152
15155
15156
15162
15162
15165
15175
15176
15184
15186
15186
15187
15192
15194
15197
15200
15226
15226
15227
15228
15228
15228
15233
15235
15239
15243
15246
15249
15257
15258
15260
15264
15277
15278
15278
15281
15284
15286
15289
15303
15304
15304
15304
15311
15311
15311
15319
15319
15320
15320
15321
15333
15333
15333
15334
15342
15346
15346
15346
15355
15356
15358
15361
15366
15369
15376
15383
15385
15387
15393
15393
15400
15401
15404
15404
15417
15418
15418
15418
15420
15421
15424
15427
15427
15429
15434
15532
15533
15533
15534
15534
15534
15535
15535
15535
15535
15535
15536
15536
15536
15536
15537
15537
15537
15537
15537
15538
15538
15538
15538
15539
15539
15540
15541
15545
15554
15554
15554
15557
15559
15561
15563
15573
15587
15587
15587
15587
15588
15588
15591
15603
15604
15604
15604
15607
15612
15613
15616
15619
15621
15624
15630
15634
15637
15638
15639
15649
15672
15672
15672
15673
15673
15673
15678
15686
15689
15694
15700
15701
15704
15715
15715
15715
15716
15720
15723
15732
15736
15736
15737
15754
15754
15754
15754
15755
15758
15764
15765
15779
15779
15779
15780
15781
15787
15790
15794
15796
15798
15803
15804
15817
15822
15822
15822
15823
15825
15838
15839
15841
15841
15847
15847
15854
15854
15858
15861
15865
15871
15871
15889
15889
15889
15889
15890
15907
15907
15907
15907
15907
15913
15914
15921
15932
15932
15933
15933
15938
15953
15955
15955
15955
16057
16057
16057
16057
16057
16057
16058
16058
16058
16058
16058
16058
16059
16059
16059
16059
16059
16059
16059
16060
16060
16060
16060
16060
16060
16060
16061
16061
16064
16067
16071
16072
16082
16090
16090
16120
16120
16121
16121
16121
16121
16126
16138
16138
16139
16141
16148
16150
16154
16156
16162
16164
16172
16172
16189
16189
16189
16195
16195
16198
16203
16211
16212
16216
16220
16230
16236
16240
16251
16252
16253
16255
16258
16261
16274
16286
16292
16292
16293
16294
16298
16308
16313
16315
16319
16322
16325
16331
16341
16341
16344
16346
16355
16377
16378
16378
16378
16381
16381
16383
16393
16396
16399
16411
16413
16420
16420
16433
16434
16436
16447
16447
16449
16454
16464
16464
16473
16480
16480
16488
16488
16489
16581
16581
16582
16582
16582
16582
16582
16583
16583
16583
16583
16583
16584
16584
16584
16584
16584
16585
16585
16585
16585
16585
16586
16588
16592
16598
16609
16612
16616
16621
16624
16630
16634
16638
16641
16646
16647
16650
16654
16666
16666
16673
16673
16673
16716
16716
16716
16717
16717
16717
16717
16719
16720
16732
16732
16732
16733
16736
16742
16761
16782
16783
16783
16783
16785
16787
16791
16801
16805
16805
16824
16824
16837
16837
16837
16837
16843
16848
16854
16856
16859
16863
16883
16884
16884
16887
16887
16888
16892
16896
16899
16901
16908
16914
16914
16915
16929
16929
16937
16937
16937
16938
16940
16943
16946
16950
16955
16958
16963
16964
16968
16970
16972
16975
16988
16988
16991
16991
17007
17008
17008
17008
17008
17106
17106
17106
17107
17107
17107
17107
17107
17108
17108
17108
17108
17108
17108
17109
17109
17109
17109
17110
17110
17116
17116
17117
17117
17117
17118
17123
17129
17139
17140
17140
17141
17144
17147
17151
17157
17160
17161
17172
17173
17173
17176
17177
17181
17190
17190
17191
17196
17196
17204
17204
17208
17208
17208
17211
17213
17216
17220
17222
17229
17229
17231
17249
17253
17254
17255
17255
17256
17262
17265
17269
17276
17280
17282
17285
17289
17292
17298
17301
17313
17313
17340
17340
17340
17340
17341
17347
17351
17356
17359
17365
17369
17371
17375
17376
17378
17390
17393
17394
17394
17396
17397
17401
17405
17417
17417
17417
17426
17426
17446
17446
17446
17447
17447
17447
17452
17459
17459
17462
17465
17469
17476
17478
17480
17482
17486
17489
17492
17496
17503
17503
17510
17511
17516
17520
17524
17527
17527
17530
17536
17650
17651
17651
17651
17652
17652
17653
17653
17653
17654
17654
17654
17655
17655
17656
17656
17656
17656
17657
17657
17657
17658
17658
17658
17658
17659
17659
17662
17666
17670
17674
17677
17681
17683
17695
17695
17700
17700
17703
17717
17717
17719
17720
17735
17735
17737
17737
17737
17743
17743
17751
17753
17756
17760
17766
17772
17792
17795
17799
17803
17809
17811
17815
17826
17839
17839
17839
17839
17839
17844
17847
17851
17854
17855
17860
17861
17866
17868
17872
17874
17880
17890
17891
17892
17902
17902
17905
17907
17920
17920
17925
17926
17929
17934
17940
17944
17948
17950
17953
17959
17964
17967
17970
17973
17975
17978
17993
17994
17994
17997
17999
18003
18011
18018
18018
18019
18025
18028
18034
18039
18042
18046
18049
18054
18057
18060
18153
18153
18154
18154
18154
18154
18155
18155
18155
18155
18155
18156
18156
18156
18156
18156
18157
18157
18157
18157
18157
18157
18158
18158
18158
18158
18167
18167
18173
18176
18192
18192
18194
18198
18201
18203
18208
18211
18221
18221
18227
18232
18237
18242
18244
18247
18250
18253
18256
18263
18266
18269
18271
18282
18283
18283
18286
18296
18296
18296
18298
18311
18311
18327
18327
18328
18328
18328
18335
18338
18340
18344
18357
18358
18358
18361
18364
18376
18377
18377
18380
18384
18387
18390
18393
18395
18410
18411
18411
18415
18421
18422
18426
18429
18431
18437
18438
18439
18441
18458
18459
18460
18461
18475
18475
18482
18482
18483
18485
18497
18498
18498
18501
18503
18516
18516
18516
18523
18528
18534
18538
18541
18546
18551
18554
18561
18565
18569
18572
18575
18579
18584
18587
18679
18679
18680
18680
18680
18681
18681
18681
18681
18682
18682
18682
18682
18683
18683
18683
18684
18684
18684
18684
18685
18685
18685
18696
18696
18699
18702
18724
18724
18724
18724
18725
18727
18727
18736
18749
18751
18756
18756
18761
18766
18773
18780
18784
18788
18791
18793
18799
18806
18809
18814
18817
18821
18824
18837
18840
18840
18842
18843
19051
19051
19052
19054
19054
19055
19055
19055
19055
19056
19056
19056
19056
19056
19057
19057
19057
19057
19057
19057
19057
19057
19058
19058
19058
19058
19058
19058
19059
19059
19059
19059
19059
19059
19059
19060
19060
19060
19060
19060
19061
19061
19061
19061
19061
19061
19061
19062
19062
19063
19068
19077
19080
19081
19092
19093
19093
19102
19103
19105
19108
19111
19202
19203
19203
19203
19203
19203
19203
19204
19204
19204
19204
19205
19205
19206
19206
19206
19206
19207
19207
19207
19207
19207
19208
19208
19208
19208
19210
19213
19219
19220
19224
19232
19239
19239
19242
19246
19246
19246
19246
19255
19257
19259
19262
19273
19297
19297
19297
19297
19297
19297
19297
19300
19301
19305
19309
19310
19315
19332
19332
19339
19339
19339
19344
19348
19354
19356
19366
19366
19376
19378
19379
19383
19394
19396
19408
19408
19409
19409
19413
19422
19422
19430
19432
19432
19435
19439
19443
19449
19452
19455
19458
19469
19469
19472
19474
19478
19482
19500
19500
19505
19506
19508
19512
19514
19518
19520
19533
19533
19535
19538
19540
19550
19552
19559
19571
19571
19571
19571
19572
19573
19573
19575
19577
19598
19598
19598
19598
19617
19618
19618
19618
19618
19619
19625
19627
19633
19729
19729
19729
19730
19730
19730
19730
19731
19731
19731
19731
19731
19732
19732
19732
19732
19733
19733
19733
19733
19733
19734
19734
19734
19734
19734
19735
19735
19735
19735
19737
19737
19737
19747
19747
19747
19751
19753
19758
19767
19769
19773
19777
19791
19794
19944
19947
19947
19947
19947
19947
19948
19948
19949
19949
19949
19949
19949
19951
19952
19952
19952
19952
19952
19952
19953
19953
19953
19953
19953
19953
19953
19960
19960
19960
19960
19960
19960
19961
19961
19961
19961
19961
19961
19961
19962
19962
19962
19962
19967
19971
19972
19981
19988
19989
19990
19995
19997
20002
20005
20010
20011
20019
20022
20027
20029
20040
20040
20050
20052
20054
20056
20059
20063
20071
20076
20078
20082
20087
20090
20095
20101
20105
20110
20115
20117
20122
20123
20127
20129
20140
20141
20150
20150
20155
20157
20163
20252
20254
20254
20254
20254
20255
20255
20255
20255
20255
20256
20256
20256
20256
20256
20257
20257
20257
20257
20258
20258
20258
20263
20264
20269
20270
20274
20278
20284
20294
20294
20297
20298
20316
20317
20317
20318
20322
20328
20334
20340
20349
20349
20353
20359
20362
20366
20373
20376
20383
20383
20385
20395
20404
20404
20416
20418
20418
20420
20425
20427
20431
20434
20442
20445
20448
20452
20474
20474
20475
20475
20475
20476
20483
20485
20495
20495
20496
20502
20502
20506
20512
20519
20522
20526
20529
20535
20536
20558
20559
20559
20563
20565
20572
20586
20590
20596
20600
20604
20609
20616
20619
20625
20629
20633
20636
20648
20651
20652
20652
20660
20660
20668
20670
20679
20680
20685
20776
20777
20777
20777
20778
20778
20778
20778
20779
20779
20779
20779
20779
20779
20780
20780
20780
20780
20780
20780
20781
20781
20783
20793
20793
20793
20793
20796
20800
20808
20815
20815
20815
20816
20827
20827
20827
20829
20833
20835
20848
20849
20851
20853
20856
20860
20865
20869
20874
20877
20881
20882
20896
20897
20897
20902
20906
20908
20915
20925
20927
20927
20928
20936
20936
20939
20940
20943
20948
20949
20954
20959
20962
20975
20975
20975
20975
20981
20982
20984
20988
20991
21005
21006
21008
21010
21012
21017
21032
21032
21034
21044
21044
21044
21056
21061
21065
21068
21072
21074
21080
21089
21089
21090
21100
21100
21100
21107
21113
21113
21117
21119
21124
21129
21129
21133
21138
21140
21166
21167
21167
21167
21167
21167
21167
21169
21177
21178
21185
21185
21212
21212
21213
21213
21213
21213
21299
21299
21300
21300
21300
21300
21301
21301
21301
21301
21301
21301
21302
21302
21302
21302
21302
21302
21302
21303
21303
21303
21303
21303
21306
21308
21312
21316
21319
21321
21331
21358
21359
21363
21364
21364
21364
21364
21364
21368
21375
21377
21380
21383
21386
21391
21393
21397
21400
21403
21413
21413
21517
21517
21518
21518
21519
21519
21519
21519
21520
21520
21520
21521
21521
21521
21521
21521
21522
21522
21522
21522
21523
21523
21523
21523
21523
21537
21538
21538
21542
21545
21558
21558
21560
21566
21566
21566
21575
21598
21598
21598
21599
21599
21599
21606
21610
21615
21619
21624
21628
21637
21640
21644
21647
21661
21661
21666
21677
21677
21677
21680
21685
21701
21701
21701
21703
21708
21709
21718
21730
21825
21825
21826
21826
21826
21827
21828
21828
21828
21828
21829
21829
21829
21830
21830
21831
21831
21831
21832
21832
21840
21844
21844
21855
21881
21881
21881
21881
21882
21882
21888
21892
21898
21902
21905
21921
21921
21922
21922
21923
21927
21932
21934
21939
21941
21949
21964
21964
21964
21965
21965
21990
21993
21993
21994
21994
21994
21999
22002
22006
22010
22016
22019
22022
22025
22028
22031
22037
22039
22040
22043
22046
22048
22060
22060
22064
22065
22069
22094
22094
22095
22095
22096
22113
22122
22128
22130
22131
22134
22143
22144
22144
22150
22153
22155
22160
22161
22171
22181
22197
22197
22197
22198
22198
22219
22219
22220
22230
22240
22240
22241
22243
22250
22254
22257
22348
22348
22348
22348
22348
22348
22349
22349
22349
22349
22349
22350
22350
22350
22350
22350
22351
22351
22351
22351
22351
22356
22356
22357
22360
22363
22374
22374
22375
22382
22387
22389
22396
22401
22401
22403
22406
22414
22419
22425
22432
22437
22442
22449
22454
22458
22462
22463
22476
22479
22486
22489
22492
22493
22498
22499
22506
22506
22509
22514
22515
22517
22543
22546
22547
22547
22547
22548
22548
22549
22554
22559
22560
22563
22571
22572
22577
22579
22583
22591
22594
22610
22610
22610
22610
22611
22622
22623
22623
22623
22626
22629
22637
22641
22643
22645
22656
22656
22660
22661
22661
22664
22665
22668
22672
22674
22676
22679
22683
22711
22711
22711
22711
22713
22713
22713
22714
22717
22727
22729
22734
22734
22746
22746
22746
22749
22757
22758
22758
22760
22764
22766
22768
22872
22872
22872
22873
22873
22874
22874
22874
22874
22875
22875
22875
22875
22876
22876
22876
22877
22877
22877
22877
22878
22878
22878
22878
22879
22879
22879
22879
22879
22882
22884
22895
22897
22898
22898
22903
22915
22917
22917
22918
22928
22933
22933
22936
22940
22952
22982
22982
22983
22983
22983
22983
22983
22983
22984
22984
22984
22984
22984
23003
23003
23003
23005
23005
23005
23010
23015
23015
23032
23032
23032
23033
23033
23036
23039
23044
23049
23052
23055
23060
23061
23063
23065
23071
23073
23077
23079
23081
23089
23091
23095
23099
23102
23105
23106
23112
23112
23114
23115
23118
23121
23134
23138
23138
23138
23139
23153
23156
23166
23166
23169
23177
23181
23188
23188
23209
23217
23217
23217
23218
23218
23218
23220
23228
23230
23234
23237
23240
23251
23254
23257
23266
23266
23267
23268
23274
23277
23279
23281
23284
23295
23295
23296
23296
23300
23304
23306
23396
23396
23397
23397
23397
23397
23398
23398
23398
23398
23398
23399
23399
23399
23399
23400
23400
23400
23400
23400
23401
23401
23401
23401
23401
23402
23402
23402
23417
23417
23418
23418
23424
23425
23427
23430
23432
23435
23438
23444
23447
23449
23454
23455
23459
23463
23465
23468
23469
23480
23483
23484
23486
23489
23490
23495
23499
23500
23503
23512
23513
23516
23519
23523
23526
23529
23540
23540
23541
23545
23547
23550
23556
23557
23561
23564
23574
23588
23588
23588
23588
23589
23596
23596
23601
23604
23605
23607
23617
23617
23617
23617
23622
23625
23631
23633
23635
23639
23657
23657
23664
23684
23684
23687
23687
23687
23688
23689
23722
23722
23722
23723
23723
23723
23730
23730
23730
23731
23733
23738
23743
23743
23743
23750
23751
23754
23758
23761
23762
23768
23769
23770
23776
23776
23778
23790
23792
23813
23813
23813
23813
23814
23814
23817
23818
23820
23822
23823
23922
23923
23923
23924
23924
23925
23925
23925
23926
23926
23926
23926
23927
23927
23927
23927
23928
23928
23928
23929
23929
23929
23930
23930
23930
23930
23931
23936
23938
23941
23945
23951
23956
23959
23962
23966
23969
23972
23980
23981
23994
23994
23997
23997
24005
24011
24011
24020
24020
24023
24023
24035
24035
24038
24039
24039
24043
24051
24056
24059
24063
24065
24068
24082
24082
24082
24083
24084
24089
24093
24096
24098
24099
24101
24103
24116
24119
24120
24122
24126
24130
24143
24143
24145
24150
24151
24153
24158
24162
24165
24168
24170
24173
24175
24178
24183
24193
24194
24197
24200
24204
24208
24212
24214
24216
24220
24221
24228
24239
24240
24240
24243
24243
24246
24255
24264
24267
24273
24276
24283
24286
24289
24293
24297
24318
24338
24338
24338
24339
24339
24339
24339
24339
24346
24447
24447
24447
24448
24448
24448
24448
24448
24449
24449
24449
24449
24450
24450
24450
24450
24450
24450
24451
24451
24451
24451
24451
24451
24457
24457
24458
24459
24459
24459
24461
24462
24462
24464
24500
24504
24504
24505
24505
24505
24505
24518
24523
24525
24529
24532
24534
24543
24547
24573
24573
24574
24574
24574
24578
24583
24588
24590
24593
24597
24608
24608
24609
24612
24617
24622
24625
24638
24638
24641
24647
24655
24655
24659
24670
24672
24676
24678
24686
24689
24695
24698
24701
24704
24716
24717
24736
24736
24737
24737
24743
24750
24755
24759
24763
24765
24771
24773
24778
24780
24784
24787
24802
24802
24803
24819
24819
24819
24820
24820
24821
24824
24827
24831
24834
24839
24847
24849
24853
24854
24859
24861
24871
24873
24876
24876
24969
24969
24970
24970
24970
24971
24971
24971
24971
24972
24972
24972
24972
24972
24973
24973
24973
24973
24974
24974
24974
24974
24977
24977
24978
24978
24983
24983
24985
24997
24997
25010
25012
25012
25012
25014
25018
25019
25023
25027
25055
25057
25057
25057
25057
25058
25059
25059
25064
25066
25069
25072
25074
25088
25088
25091
25091
25097
25102
25102
25104
25114
25115
25116
25135
25139
25139
25139
25139
25139
25140
25141
25154
25155
25174
25175
25175
25178
25178
25178
25179
25185
25190
25195
25199
25207
25209
25213
25219
25220
25227
25231
25234
25240
25240
25245
25249
25251
25254
25255
25259
25271
25271
25271
25276
25297
25298
25298
25299
25308
25311
25314
25318
25320
25326
25329
25333
25336
25337
25339
25342
25346
25348
25351
25354
25356
25358
25370
25370
25371
25375
25377
25383
25387
25387
25388
25398
25398
25398
25402
25493
25494
25494
25494
25495
25495
25495
25495
25496
25496
25496
25496
25497
25497
25497
25497
25498
25498
25498
25498
25498
25499
25499
25499
25499
25499
25499
25500
25500
25500
25500
25502
25510
25516
25524
25526
25538
25538
25539
25540
25545
25549
25553
25558
25562
25565
25569
25580
25580
25592
25592
25592
25593
25594
25598
25609
25614
25614
25615
25616
25617
25624
25634
25635
25636
25637
25638
25639
25646
25647
25659
25659
25659
25659
25669
25669
25674
25675
25675
25675
25680
25682
25696
25696
25696
25696
25697
25703
25704
25715
25715
25735
25736
25736
25736
25737
25745
25745
25745
25745
25755
25755
25755
25783
25783
25783
25783
25783
25783
25784
25784
25785
25790
25795
25795
25800
25804
25805
25822
25822
25823
25823
25823
25827
25838
25841
25841
25842
25842
25846
25855
25855
25858
25861
25861
25865
25866
25872
25884
25884
25895
25898
25898
25898
25901
25905
25908
25910
25922
25930
25933
25933
25939
25939
26017
26018
26018
26018
26018
26018
26018
26019
26019
26019
26019
26019
26019
26020
26020
26020
26020
26038
26038
26038
26039
26039
26039
26039
26039
26039
26039
26040
26040
26040
26040
26042
26044
26046
26049
26051
26055
26084
26085
26085
26085
26085
26085
26086
26086
26086
26086
26086
26096
26116
26116
26116
26116
26121
26126
26126
26134
26135
26142
26142
26148
26148
26150
26157
26160
26164
26167
26170
26177
26183
26184
26186
26192
26192
26195
26198
26202
26203
26205
26215
26215
26222
26222
26225
26230
26230
26238
26238
26238
26242
26244
26255
26255
26255
26256
26262
26264
26268
26271
26274
26277
26284
26286
26289
26291
26295
26296
26300
26304
26306
26312
26313
26330
26331
26331
26331
26339
26339
26339
26342
26353
26353
26353
26356
26357
26360
26367
26376
26376
26377
26377
26377
26382
26391
26392
26393
26394
26395
26400
26401
26405
26407
26408
26411
26430
26430
26431
26431
26439
26440
26440
26445
26446
26542
26542
26543
26543
26544
26544
26544
26544
26544
26545
26545
26545
26545
26546
26546
26546
26546
26547
26547
26547
26547
26548
26548
26548
26548
26549
26549
26549
26549
26549
26559
26559
26559
26568
26568
26568
26576
26587
26587
26588
26588
26590
26594
26598
26603
26607
26610
26615
26618
26623
26628
26633
26635
26637
26643
26646
26651
26657
26658
26660
26667
26678
26679
26679
26682
26685
26699
26699
26700
26700
26702
26709
26709
26713
26717
26718
26724
26726
26736
26743
26743
26743
26744
26747
26751
26753
26783
26783
26784
26784
26784
26784
26784
26794
26799
26804
26805
26807
26810
26818
26818
26823
26834
26834
26835
26835
26844
26847
26849
26855
26857
26861
26863
26867
26868
26898
26898
26898
26898
26898
26900
26901
26901
26901
26907
26939
26939
26940
26940
26940
26940
26940
26951
26951
26951
26951
26960
26960
26960
26960
26962
26968
26968
27066
27066
27067
27067
27067
27067
27067
27067
27068
27068
27068
27068
27068
27069
27069
27069
27069
27069
27069
27069
27070
27070
27070
27070
27070
27079
27079
27101
27102
27102
27102
27102
27102
27102
27106
27107
27111
27115
27125
27126
27138
27157
27157
27158
27158
27158
27158
27159
27162
27168
27176
27176
27176
27184
27184
27194
27194
27207
27207
27217
27218
27218
27233
27233
27233
27233
27236
27246
27250
27253
27259
27259
27262
27265
27276
27277
27282
27283
27292
27293
27301
27304
27311
27316
27323
27329
27333
27339
27350
27355
27361
27366
27372
27379
27387
27390
27401
27401
27403
27407
27412
27419
27419
27420
27423
27434
27454
27454
27454
27454
27454
27466
27467
27467
27467
27470
27474
27476
27479
27482
27488
27491
27492
27496
27500
27501
27590
27590
27591
27591
27591
27591
27591
27591
27592
27592
27592
27592
27592
27592
27592
27593
27593
27593
27593
27593
27593
27623
27623
27626
27626
27627
27629
27639
27652
27654
27655
27662
27665
27676
27676
27678
27698
27698
27699
27699
27699
27704
27709
27717
27721
27722
27726
27736
27736
27741
27743
27747
27750
27751
27756
27756
27763
27774
27775
27786
27786
27786
27792
27802
27805
27809
27812
27817
27821
27826
27830
27833
27836
27839
27841
27845
27871
27880
27880
27882
27882
27882
27891
27897
27901
27914
27914
27918
27922
27931
27960
27960
27961
27961
27961
27970
27970
27974
27989
27990
27990
28015
28015
28015
28015
28015
28016
28026
28027
28027
28116
28116
28117
28117
28117
28118
28118
28118
28118
28119
28119
28119
28120
28120
28120
28121
28121
28130
28131
28135
28139
28141
28147
28147
28157
28160
28162
28165
28169
28173
28177
28178
28185
28188
28190
28195
28198
28199
28202
28206
28210
28238
28238
28238
28239
28239
28255
28255
28255
28256
28256
28258
28262
28264
28268
28270
28272
28277
28279
28282
28284
28287
28288
28300
28300
28301
28310
28312
28313
28322
28322
28325
28328
28333
28335
28339
28345
28348
28352
28355
28360
28363
28371
28371
28383
28383
28383
28383
28391
28395
28396
28399
28403
28406
28420
28421
28423
28425
28435
28438
28447
28452
28455
28456
28471
28472
28474
28482
28486
28494
28499
28504
28509
28514
28522
28526
28530
28544
28545
28545
28546
28550
28639
28639
28640
28640
28640
28641
28641
28641
28641
28641
28642
28642
28642
28643
28643
28643
28643
28644
28644
28644
28644
28645
28645
28646
28651
28655
28655
28658
28665
28678
28679
28681
28681
28693
28694
28698
28699
28706
28710
28719
28721
28726
28731
28746
28747
28747
28757
28761
28766
28775
28779
28780
28791
28791
28794
28795
28801
28803
28820
28824
28836
28843
28847
28847
28849
28851
28864
28868
28872
28882
28894
28906
28906
28906
28907
28908
28946
28946
28946
28946
28946
28947
28947
28947
28948
28953
28956
28962
28976
28976
28978
28984
28988
28993
29000
29001
29003
29014
29015
29020
29030
29030
29041
29041
29051
29071
29071
29072
29072
29162
29163
29163
29163
29163
29163
29164
29164
29164
29164
29164
29165
29165
29165
29165
29165
29169
29179
29182
29182
29184
29187
29192
29227
29228
29228
29263
29263
29263
29264
29264
29264
29264
29264
29267
29275
29280
29283
29287
29299
29299
29300
29300
29302
29306
29310
29313
29336
29336
29338
29338
29363
29363
29363
29363
29363
29364
29364
29365
29369
29370
29375
29380
29383
29385
29393
29398
29398
29398
29400
29402
29416
29416
29416
29416
29418
29420
29433
29433
29433
29434
29458
29458
29458
29459
29459
29459
29465
29474
29492
29500
29501
29501
29501
29501
29503
29506
29513
29516
29519
29523
29526
29536
29536
29536
29545
29547
29549
29550
29552
29553
29557
29560
29567
29569
29574
29576
29577
29581
29586
29588
29591
29688
29688
29688
29689
29689
29689
29689
29689
29690
29690
29690
29690
29690
29691
29691
29691
29691
29691
29692
29692
29692
29692
29692
29693
29693
29696
29696
29696
29696
29697
29697
29709
29711
29711
29713
29717
29722
29723
29727
29730
29741
29742
29743
29745
29755
29755
29778
29778
29778
29779
29779
29779
29785
29786
29789
29792
29793
29797
29799
29816
29817
29827
29830
29831
29831
29843
29843
29844
29848
29851
29856
29859
29871
29876
29876
29877
29886
29886
29887
29897
29897
29898
29899
29901
29905
29941
29941
29942
29942
29942
29942
29943
29946
29948
29948
29955
29956
29964
29968
29971
29972
29977
29982
29986
29990
29990
29993
30012
30012
30012
30012
30014
30014
30018
30022
30026
30029
30039
30065
30065
30066
30066
30066
30066
30070
30073
30077
30085
30093
30109
30109
30109
30109
30110
30111
30113
30118
30122
30212
30212
30212
30212
30213
30213
30213
30213
30213
30214
30214
30214
30214
30214
30214
30215
30215
30215
30215
30215
30216
30216
30216
30216
30216
30216
30220
30231
30234
30236
30237
30238
30243
30243
30255
30258
30258
30259
30266
30266
30268
30271
30274
30277
30281
30285
30291
30293
30296
30298
30303
30315
30316
30318
30322
30327
30340
30344
30350
30353
30356
30360
30364
30369
30380
30383
30383
30394
30395
30524
30524
30525
30525
30525
30526
30526
30527
30527
30527
30528
30528
30528
30528
30529
30529
30530
30530
30530
30531
30531
30532
30532
30532
30533
30533
30533
30534
30534
30545
30548
30550
30554
30557
30562
30569
30573
30575
30578
30587
30587
30592
30604
30615
30615
30616
30616
30645
30646
30646
30646
30647
30737
30737
30738
30738
30738
30739
30739
30739
30739
30740
30740
30740
30740
30742
30746
30746
30746
30752
30753
30775
30775
30775
30776
30787
30787
30788
30793
30793
30795
30798
30803
30814
30814
30817
30822
30826
30831
30839
30846
30851
30854
30880
30881
30888
30890
30891
30901
30901
30901
30901
30902
30913
30914
30920
30920
30925
30935
30935
30948
30948
30949
30950
30955
30964
30970
30974
30980
30992
30992
30992
30996
31049
31049
31049
31049
31049
31049
31049
31050
31050
31050
31064
31064
31064
31065
31065
31065
31068
31078
31081
31087
31092
31101
31101
31103
31107
31119
31119
31119
31120
31127
31139
31140
31140
31140
31153
31154
31154
31161
31162
31168
31168
31262
31262
31262
31263
31263
31268
31268
31268
31268
31268
31269
31270
31270
31270
31270
31270
31271
31271
31271
31273
31276
31278
31281
31282
31288
31300
31305
31307
31314
31314
31318
31326
31333
31337
31340
31357
31359
31359
31372
31372
31372
31373
31377
31379
31392
31392
31393
31396
31396
31408
31414
31420
31424
31429
31437
31437
31442
31445
31449
31451
31461
31461
31467
31468
31505
31505
31505
31505
31505
31508
31508
31512
31512
31519
31520
31524
31527
31527
31562
31562
31563
31563
31563
31563
31563
31571
31572
31572
31578
31578
31582
31582
31586
31596
31617
31618
31618
31618
31618
31621
31628
31632
31635
31639
31641
31645
31654
31654
31657
31657
31659
31670
31670
31680
31680
31695
31695
31695
31695
31784
31785
31785
31786
31786
31786
31786
31787
31787
31788
31788
31788
31788
31789
31789
31789
31789
31790
31790
31790
31790
31790
31791
31791
31791
31791
31796
31796
31796
31796
31797
31801
31802
31802
31804
31815
31815
31827
31840
31840
31840
31864
31864
31864
31866
31874
31874
31881
31881
31882
31886
31896
31900
31903
31904
31908
31916
31918
31923
31926
31937
31941
31941
31942
31945
31947
31952
31960
31961
31961
31962
31965
31986
31990
31990
31990
31990
31996
31997
31998
32007
32011
32012
32014
32018
32020
32026
32035
32035
32063
32063
32064
32066
32066
32066
32071
32071
32077
32081
32085
32090
32093
32095
32098
32101
32104
32137
32137
32147
32147
32148
32148
32148
32152
32163
32163
32171
32171
32173
32179
32182
32185
32189
32192
32210
32210
32210
32210
32211
32213
32309
32309
32309
32309
32309
32310
32310
32311
32311
32312
32312
32312
32312
32312
32313
32313
32313
32313
32313
32313
32318
32319
32320
32324
32325
32333
32337
32340
32351
32362
32371
32371
32375
32378
32386
32387
32394
32431
32431
32431
32432
32432
32432
32432
32432
32432
32433
32439
32443
32448
32461
32461
32466
32467
32470
32471
32486
32517
32517
32518
32518
32518
32518
32518
32535
32535
32535
32535
32535
32535
32551
32553
32575
32575
32575
32575
32575
32582
32582
32587
32591
32593
32601
32605
32608
32613
32613
32618
32624
32626
32631
32632
32635
32642
32644
32647
32649
32664
32664
32664
32665
32675
32679
32679
32679
32686
32686
32696
32696
32696
32700
32700
32701
32717
32717
32720
32722
32724
32728
32742
32745
32838
32838
32838
32839
32839
32839
32840
32840
32840
32840
32844
32844
32844
32844
32845
32845
32845
32845
32846
32846
32846
32846
32847
32847
32847
32847
32847
32848
32849
32850
32853
32859
32862
32864
32867
32870
32874
32878
32881
32883
32885
32888
32901
32901
32906
32910
32910
32912
32914
32919
32927
32927
32935
32936
32941
32950
32955
32966
32966
32967
32972
32980
32983
32984
32996
32996
33009
33012
33013
33013
33013
33013
33015
33017
33031
33031
33037
33037
33038
33038
33050
33054
33054
33060
33060
33064
33070
33073
33074
33077
33080
33087
33091
33097
33100
33104
33108
33110
33112
33122
33124
33136
33136
33136
33142
33142
33146
33155
33167
33167
33168
33183
33183
33183
33185
33192
33201
33205
33215
33221
33222
33228
33228
33231
33239
33242
33244
33247
33361
33361
33362
33362
33362
33362
33362
33363
33363
33369
33370
33370
33370
33371
33371
33371
33372
33372
33372
33372
33373
33373
33373
33373
33374
33374
33374
33375
33375
33375
33375
33376
33376
33376
33377
33384
33385
33385
33389
33389
33391
33395
33407
33410
33413
33416
33424
33426
33430
33433
33443
33444
33450
33457
33457
33458
33461
33465
33472
33476
33481
33483
33487
33490
33492
33498
33500
33504
33507
33510
33512
33525
33535
33535
33535
33536
33536
33552
33552
33552
33553
33559
33560
33566
33567
33577
33577
33577
33578
33584
33596
33603
33604
33604
33604
33607
33613
33617
33620
33623
33625
33629
33668
33668
33668
33669
33669
33669
33669
33669
33679
33683
33699
33699
33700
33702
33702
33704
33709
33711
33717
33720
33726
33728
33736
33736
33764
33765
33765
33766
33776
33777
33777
33777
33777
33786
33787
33787
33790
33882
33882
33882
33884
33884
33884
33884
33885
33885
33885
33885
33885
33886
33886
33886
33886
33886
33887
33887
33887
33887
33892
33892
33893
33893
33893
33893
33893
33893
33894
33895
33898
33903
33907
33910
33913
33914
33920
33932
33932
33932
33954
33956
33956
33957
33976
33976
33977
33977
33977
33977
33977
33988
33989
33989
33991
33994
34001
34002
34003
34008
34111
34112
34112
34112
34112
34112
34113
34113
34114
34114
34114
34114
34114
34114
34115
34115
34115
34115
34115
34115
34115
34116
34116
34116
34116
34116
34116
34116
34117
34117
34117
34122
34122
34127
34128
34130
34134
34135
34141
34144
34153
34156
34157
34159
34166
34168
34170
34173
34174
34178
34183
34185
34188
34193
34196
34199
34201
34214
34214
34214
34214
34217
34219
34223
34225
34239
34239
34257
34257
34258
34258
34262
34264
34268
34273
34285
34290
34300
34301
34301
34420
34421
34421
34421
34421
34422
34422
34422
34422
34422
34422
34423
34423
34423
34423
34423
34424
34424
34424
34424
34425
34433
34436
34448
34449
34449
34452
34477
34477
34477
34477
34477
34483
34487
34490
34494
34498
34506
34508
34511
34515
34516
34519
34534
34535
34538
34539
34542
34545
34552
34554
34556
34558
34561
34573
34573
34582
34583
34583
34583
34617
34617
34617
34618
34618
34618
34618
34622
34957
34957
34957
34958
34958
34958
34958
34960
34969
34969
34969
34977
34985
34987
34989
34990
34996
35004
35008
35013
35017
35021
35027
35035
35037
35043
35045
35049
35051
35054
35064
35064
35071
35071
35077
35077
35082
35085
35086
35095
35108
35108
35109
35109
35109
35110
35111
35137
35137
35137
35139
35150
35151
35155
35165
35165
35167
35168
35177
35177
35189
35213
35213
35214
35215
35215
35215
35220
35222
35227
35231
35234
35237
35246
35251
35252
35255
35260
35262
35266
35270
35272
35275
35276
35278
35283
35285
35295
35306
35310
35310
35310
35310
35312
35312
35316
35316
35322
35323
35327
35337
35338
35368
35368
35368
35368
35369
35369
35455
35455
35456
35457
35457
35458
35458
35458
35458
35458
35459
35459
35459
35460
35460
35464
35464
35464
35465
35465
35465
35465
35465
35466
35466
35466
35466
35466
35467
35469
35475
35475
35481
35481
35481
35485
35487
35489
35493
35499
35502
35507
35510
35511
35529
35533
35533
35535
35535
35535
35541
35547
35554
35573
35582
35582
35582
35584
35593
35597
35601
35605
35613
35615
35619
35621
35624
35629
35632
35636
35639
35642
35651
35653
35655
35656
35659
35661
35664
35669
35677
35678
35683
35683
35689
35690
35690
35694
35696
35699
35709
35709
35713
35716
35719
35722
35724
35732
35734
35745
35751
35751
35751
35776
35776
35776
35776
35776
35777
35785
35785
35788
35791
35795
35797
35801
35807
35825
35837
35837
35837
35838
35838
35840
35843
35847
35853
35857
35860
35864
35874
35878
35880
35884
35888
35888
35979
35979
35979
35980
35980
35980
35980
35980
35981
35981
35981
35981
35982
35982
35982
35982
35982
35983
35983
35983
35983
35983
35984
35995
35995
35996
36007
36007
36008
36011
36017
36037
36037
36037
36038
36038
36038
36042
36046
36050
36053
36058
36068
36072
36075
36080
36083
36086
36094
36100
36104
36108
36111
36116
36121
36127
36133
36137
36139
36142
36146
36156
36162
36164
36166
36169
36171
36176
36180
36184
36190
36192
36202
36203
36203
36212
36214
36216
36227
36227
36231
36231
36234
36236
36238
36250
36250
36250
36255
36257
36259
36262
36264
36268
36281
36281
36281
36295
36295
36295
36297
36306
36309
36313
36316
36316
36327
36331
36331
36339
36339
36343
36345
36347
36361
36361
36361
36363
36375
36381
36382
36382
36384
36387
36390
36406
36409
36411
36503
36503
36503
36504
36504
36504
36504
36505
36505
36505
36505
36506
36506
36506
36507
36507
36507
36507
36507
36508
36509
36512
36517
36524
36528
36534
36544
36545
36545
36552
36556
36569
36569
36569
36579
36582
36582
36583
36585
36595
36597
36602
36604
36614
36619
36619
36621
36633
36645
36646
36652
36652
36652
36661
36662
36665
36668
36675
36679
36684
36693
36694
36697
36707
36708
36713
36719
36722
36726
36732
36736
36743
36748
36754
36754
36759
36761
36766
36773
36776
36790
36790
36791
36792
36800
36804
36809
36811
36817
36821
36826
36839
36866
36867
36867
36867
36867
36867
36868
36880
36880
36894
36895
36896
36897
36897
36898
36902
36905
36909
36915
36922
36922
36926
36935
36935
36935
37027
37028
37028
37028
37028
37029
37029
37029
37029
37029
37030
37030
37030
37030
37030
37031
37031
37031
37031
37032
37034
37039
37040
37047
37051
37063
37064
37065
37068
37069
37080
37085
37086
37086
37089
37092
37097
37102
37107
37110
37113
37115
37118
37131
37131
37144
37144
37155
37156
37161
37161
37165
37169
37172
37180
37183
37187
37191
37206
37211
37218
37218
37219
37226
37229
37233
37239
37242
37250
37250
37253
37254
37260
37262
37279
37279
37279
37281
37281
37293
37293
37297
37300
37305
37307
37315
37318
37322
37325
37329
37330
37336
37338
37341
37344
37354
37357
37375
37376
37376
37386
37390
37394
37405
37408
37413
37419
37420
37427
37430
37433
37437
37439
37450
37455
37455
37551
37551
37552
37552
37552
37553
37553
37553
37553
37554
37554
37554
37554
37555
37555
37555
37555
37555
37556
37556
37556
37556
37556
37557
37557
37557
37563
37567
37568
37575
37581
37584
37593
37593
37602
37602
37602
37607
37607
37617
37627
37628
37628
37628
37636
37636
37639
37642
37649
37653
37657
37661
37664
37667
37680
37680
37681
37683
37694
37697
37697
37703
37705
37708
37713
37715
37719
37725
37728
37730
37753
37753
37754
37755
37755
37755
37759
37761
37762
37768
37778
37778
37779
37782
37784
37795
37801
37802
37803
37806
37812
37814
37821
37832
37835
37835
37857
37857
37857
37857
37857
37858
37858
37863
37865
37877
37878
37882
37887
37888
37894
37899
37904
37908
37913
37919
37924
37930
37935
37941
37944
37945
37950
37954
37957
37959
37962
37964
37966
37985
38076
38076
38076
38076
38077
38077
38077
38077
38077
38078
38078
38078
38078
38078
38079
38079
38079
38079
38079
38080
38080
38080
38080
38080
38084
38097
38097
38102
38103
38106
38109
38112
38117
38128
38130
38130
38148
38148
38149
38152
38156
38162
38175
38187
38187
38187
38187
38192
38210
38211
38211
38212
38215
38227
38227
38228
38235
38245
38245
38246
38249
38253
38258
38269
38273
38273
38276
38277
38281
38286
38289
38293
38295
38325
38325
38325
38326
38326
38326
38326
38326
38327
38356
38356
38356
38356
38356
38358
38361
38364
38367
38370
38374
38384
38385
38389
38395
38395
38396
38404
38407
38411
38412
38417
38420
38427
38429
38441
38442
38451
38451
38451
38459
38462
38463
38463
38464
38468
38477
38478
38481
38492
38493
38493
38505
38505
38601
38601
38601
38601
38602
38602
38602
38603
38603
38603
38603
38603
38603
38604
38604
38604
38604
38604
38605
38605
38605
38605
38606
38615
38615
38615
38616
38619
38624
38630
38633
38636
38640
38643
38645
38667
38677
38677
38677
38678
38678
38682
38686
38689
38694
38706
38707
38707
38735
38737
38737
38737
38737
38741
38751
38754
38757
38762
38767
38772
38780
38786
38786
38786
38792
38793
38807
38807
38816
38823
38823
38830
38831
38835
38865
38865
38865
38866
38872
38875
38883
38893
38895
38901
38905
38910
38911
38917
38922
38925
38927
38931
38941
38943
38948
38951
38955
38970
38975
38981
38995
39003
39012
39019
39025
39032
39125
39126
39126
39126
39126
39126
39127
39127
39127
39127
39127
39128
39128
39128
39128
39137
39137
39138
39138
39150
39151
39151
39153
39158
39164
39172
39176
39188
39188
39190
39191
39198
39202
39212
39212
39213
39216
39220
39228
39232
39235
39240
39249
39251
39257
39261
39262
39269
39270
39270
39287
39296
39296
39297
39297
39303
39312
39323
39327
39331
39334
39339
39341
39356
39368
39368
39373
39374
39383
39383
39391
39415
39415
39416
39418
39418
39421
39424
39426
39430
39435
39447
39453
39459
39462
39462
39464
39475
39479
39482
39483
39486
39487
39494
39501
39503
39507
39510
39514
39518
39519
39527
39530
39534
39538
39541
39545
39551
39553
39555
39558
39649
39649
39650
39650
39650
39651
39651
39651
39651
39652
39652
39652
39652
39652
39653
39653
39653
39653
39653
39653
39654
39656
39660
39671
39671
39672
39677
39683
39683
39684
39695
39695
39703
39709
39719
39732
39732
39732
39737
39748
39748
39750
39760
39760
39784
39788
39800
39800
39801
39805
39809
39813
39815
39820
39830
39832
39833
39836
39841
39848
39851
39855
39865
39883
39888
39888
39889
39901
39902
39902
39902
39905
39917
39917
39927
39927
39927
39936
39942
39951
39958
39962
39970
39978
39985
39990
40025
40025
40025
40025
40031
40037
40041
40045
40053
40059
40064
40068
40071
40073
40076
40174
40174
40174
40176
40176
40182
40182
40182
40182
40183
40183
40183
40184
40184
40184
40184
40185
40185
40185
40185
40185
40186
40186
40186
40186
40186
40187
40187
40187
40189
40192
40194
40200
40203
40216
40218
40223
40228
40233
40235
40245
40251
40258
40269
40269
40270
40273
40275
40280
40284
40287
40299
40300
40301
40302
40304
40308
40325
40326
40326
40326
40326
40332
40342
40343
40343
40354
40354
40362
40362
40364
40367
40371
40374
40375
40391
40391
40397
40397
40405
40408
40411
40426
40432
40444
40454
40458
40461
40466
40477
40484
40485
40489
40493
40499
40499
40503
40508
40509
40512
40516
40527
40533
40536
40537
40537
40539
40540
40558
40558
40559
40559
40559
40569
40574
40574
40577
40592
40593
40593
40597
40600
40609
40698
40699
40699
40699
40700
40700
40701
40701
40701
40701
40701
40702
40702
40702
40702
40702
40703
40703
40703
40703
40703
40704
40709
40710
40710
40710
40713
40723
40725
40727
40730
40741
40741
40745
40745
40751
40756
40760
40763
40771
40776
40779
40782
40785
40788
40793
40803
40805
40805
40817
40817
40817
40818
40819
40832
40834
40835
40836
40849
40849
40849
40863
40866
40868
40873
40877
40882
40888
40893
40895
40909
40910
40910
40922
40922
40922
40922
40934
40935
40955
40955
40955
40956
40961
40968
40981
40985
40986
40986
40986
40999
41000
41003
41007
41010
41012
41017
41019
41026
41029
41032
41038
41042
41045
41049
41053
41056
41067
41067
41067
41081
41083
41085
41089
41090
41096
41098
41109
41109
41113
41116
41120
41127
41132
41221
41222
41222
41222
41222
41223
41224
41224
41224
41224
41225
41225
41229
41230
41235
41241
41247
41252
41254
41257
41261
41264
41272
41279
41280
41306
41306
41306
41306
41307
41308
41311
41316
41320
41330
41336
41347
41348
41348
41362
41365
41366
41376
41376
41386
41393
41395
41398
41403
41408
41421
41424
41428
41433
41436
41447
41450
41456
41459
41467
41477
41477
41487
41499
41499
41500
41505
41510
41521
41522
41529
41529
41531
41535
41539
41543
41558
41558
41560
41563
41567
41591
41591
41591
41593
41597
41600
41606
41612
41621
41624
41631
41636
41663
41663
41747
41747
41747
41747
41748
41748
41748
41748
41748
41748
41748
41749
41749
41749
41749
41749
41749
41749
41749
41752
41752
41755
41760
41770
41772
41785
41785
41795
41795
41795
41803
41804
41809
41813
41817
41825
41828
41841
41851
41877
41877
41878
41878
41880
41880
41882
41883
41884
41893
41894
41898
41901
41914
41915
41921
41934
41934
41941
41944
41948
41958
41961
41965
41965
41975
41975
41977
41977
41996
41996
41997
41997
41997
42005
42014
42018
42031
42036
42042
42045
42056
42059
42062
42070
42071
42102
42102
42102
42102
42105
42106
42117
42120
42129
42133
42137
42141
42143
42148
42153
42157
42161
42167
42172
42175
42178
42270
42270
42271
42273
42273
42273
42273
42273
42273
42274
42274
42274
42275
42275
42275
42275
42276
42279
42289
42292
42292
42300
42304
42312
42316
42325
42325
42332
42343
42345
42464
42467
42467
42467
42467
42467
42468
42468
42468
42468
42469
42469
42469
42469
42469
42470
42470
42470
42470
42471
42471
42471
42471
42472
42472
42472
42472
42477
42479
42479
42487
42492
42497
42500
42505
42508
42522
42527
42527
42528
42535
42537
42546
42553
42553
42558
42558
42563
42574
42579
42584
42588
42592
42602
42603
42610
42617
42617
42620
42624
42626
42638
42638
42639
42640
42653
42655
42660
42660
42666
42671
42673
42678
42686
42688
42693
42705
42706
42795
42796
42796
42796
42797
42797
42797
42797
42798
42800
42800
42801
42801
42801
42801
42801
42802
42802
42802
42803
42803
42803
42803
42803
42803
42805
42812
42817
42820
42821
42834
42838
42840
42841
42856
42863
42872
42873
42877
42881
42889
42904
42904
42904
42906
42908
42917
42922
42923
42934
42936
42936
42948
42948
42949
42949
42955
42956
42959
42970
42970
42971
42984
42984
42984
42989
42992
43003
43003
43004
43017
43017
43022
43023
43032
43032
43039
43051
43054
43058
43065
43078
43078
43087
43089
43096
43100
43102
43113
43115
43120
43122
43135
43136
43140
43147
43155
43169
43177
43183
43187
43188
43194
43202
43202
43204
43215
43220
43223
43229
43319
43319
43319
43320
43320
43320
43321
43321
43321
43321
43321
43322
43322
43322
43322
43322
43326
43333
43348
43348
43352
43352
43355
43370
43376
43376
43376
43381
43381
43382
43395
43398
43400
43402
43405
43409
43416
43419
43423
43426
43430
43433
43441
43449
43449
43454
43466
43479
43480
43481
43481
43481
43483
43494
43495
43506
43508
43520
43520
43528
43528
43539
43539
43541
43546
43551
43556
43562
43569
43578
43579
43580
43583
43590
43595
43598
43601
43610
43615
43620
43620
43623
43625
43629
43634
43639
43651
43654
43655
43659
43661
43665
43671
43701
43701
43701
43701
43701
43702
43706
43706
43717
43718
43718
43718
43724
43724
43733
43737
43737
43743
43743
43744
43752
43843
43843
43844
43844
43844
43845
43845
43846
43846
43846
43846
43846
43847
43847
43847
43847
43848
43848
43848
43848
43848
43849
43849
43849
43854
43858
43858
43858
43864
43868
43870
43876
43877
43878
43883
43890
43894
43896
43900
43901
43906
43908
43917
43921
43929
43932
43933
43933
43937
43941
43944
43947
43949
43951
43956
43959
43960
43965
43974
43975
43982
43983
43984
43990
43991
43992
43996
43998
44000
44010
44013
44016
44016
44019
44019
44022
44023
44025
44036
44040
44040
44041
44044
44046
44048
44056
44058
44068
44077
44097
44097
44098
44098
44099
44099
44099
44099
44102
44110
44110
44114
44118
44124
44128
44131
44134
44139
44142
44146
44150
44151
44158
44167
44170
44175
44176
44184
44184
44187
44193
44194
44199
44201
44204
44208
44211
44216
44226
44226
44226
44233
44235
44240
44245
44260
44260
44260
44261
44266
44276
44276
44276
44277
44368
44368
44369
44369
44369
44369
44369
44370
44371
44371
44371
44371
44372
44372
44372
44372
44373
44373
44373
44373
44373
44373
44374
44378
44383
44383
44383
44391
44391
44391
44396
44397
44397
44398
44402
44406
44415
44415
44415
44415
44419
44422
44425
44428
44436
44439
44440
44442
44445
44448
44451
44451
44457
44460
44463
44466
44469
44470
44481
44485
44486
44489
44541
44541
44542
44542
44543
44543
44543
44543
44543
44543
44552
44553
44553
44555
44559
44566
44569
44572
44574
44577
44589
44590
44594
44594
44599
44600
44600
44604
44607
44609
44620
44620
44620
44622
44630
44631
44632
44642
44643
44643
44659
44659
44659
44659
44659
44659
44665
44670
44673
44678
44679
44681
44683
44696
44696
44696
44698
44701
44702
44706
44716
44716
44716
44726
44751
44752
44752
44752
44752
44752
44752
44756
44763
44774
44774
44782
44802
44802
44802
44891
44892
44892
44892
44892
44892
44893
44893
44893
44893
44893
44894
44894
44894
44894
44894
44894
44895
44895
44895
44895
44901
44915
44920
44920
44921
44931
44931
44938
44939
44943
44963
44964
44964
44968
44979
44979
44984
44997
45000
45003
45009
45012
45016
45026
45030
45034
45040
45045
45045
45047
45059
45060
45063
45067
45071
45073
45082
45082
45093
45093
45098
45098
45099
45110
45110
45117
45122
45122
45125
45129
45134
45143
45147
45150
45162
45165
45169
45176
45180
45184
45191
45195
45197
45209
45212
45218
45219
45221
45223
45230
45235
45236
45243
45244
45250
45256
45259
45264
45267
45272
45273
45285
45291
45297
45301
45302
45308
45312
45415
45415
45415
45415
45417
45417
45417
45417
45418
45418
45418
45418
45418
45419
45419
45419
45419
45419
45420
45420
45421
45421
45421
45424
45426
45436
45443
45445
45445
45455
45456
45456
45465
45465
45468
45471
45477
45487
45509
45509
45509
45510
45510
45510
45510
45510
45511
45519
45522
45522
45524
45526
45536
45539
45542
45543
45544
45553
45555
45560
45563
45565
45570
45575
45579
45581
45587
45587
45596
45604
45605
45606
45607
45612
45613
45622
45623
45627
45629
45632
45636
45646
45646
45654
45657
45658
45663
45672
45672
45687
45687
45687
45687
45696
45696
45705
45705
45706
45713
45713
45716
45719
45724
45729
45743
45746
45746
45746
45748
45762
45765
45769
45771
45779
45779
45788
45788
45789
45796
45805
45807
45816
45823
45823
45826
45831
45837
45839
45847
45847
45850
45940
45940
45940
45940
45941
45941
45941
45941
45941
45942
45942
45942
45942
45942
45943
45943
45943
45943
45943
45944
45962
45962
45963
45963
45963
45963
45964
45974
45974
45976
45989
45989
45990
45995
45997
45999
46005
46016
46018
46021
46026
46026
46029
46035
46039
46049
46049
46049
46053
46059
46062
46069
46069
46076
46079
46088
46092
46092
46096
46098
46101
46118
46120
46122
46122
46126
46129
46130
46146
46146
46147
46151
46158
46158
46178
46179
46179
46179
46180
46186
46197
46198
46198
46198
46210
46211
46211
46220
46222
46225
46229
46232
46235
46240
46243
46246
46252
46257
46259
46261
46265
46271
46276
46282
46294
46297
46297
46299
46303
46316
46319
46320
46320
46324
46328
46334
46338
46342
46345
46359
46359
46364
46366
46366
46371
46465
46466
46466
46466
46466
46467
46467
46467
46467
46468
46468
46468
46468
46468
46469
46469
46469
46474
46486
46487
46488
46490
46508
46512
46523
46536
46540
46555
46563
46574
46576
46577
46580
46583
46593
46595
46601
46605
46612
46617
46620
46629
46637
46643
46655
46655
46659
46669
46671
46677
46679
46684
46696
46700
46704
46708
46721
46721
46726
46728
46744
46755
46767
46767
46767
46773
46787
46787
46790
46795
46805
46809
46815
46820
46825
46829
46836
46842
46848
46852
46856
46859
46870
46873
46874
46885
46889
46890
46896
46988
46989
46989
46989
46989
46989
46989
46989
46990
46990
46990
46990
46990
46990
46990
46993
46993
46999
47004
47005
47012
47016
47028
47031
47031
47036
47042
47052
47067
47067
47069
47075
47079
47089
47094
47105
47110
47114
47118
47129
47135
47140
47147
47148
47152
47160
47164
47167
47177
47177
47183
47194
47194
47197
47201
47206
47216
47219
47223
47228
47232
47241
47241
47246
47261
47264
47264
47268
47272
47276
47280
47295
47300
47302
47305
47308
47320
47320
47335
47340
47342
47346
47350
47352
47360
47363
47368
47370
47385
47385
47386
47389
47395
47404
47406
47409
47417
47421
47512
47513
47513
47513
47513
47514
47514
47514
47514
47515
47515
47515
47515
47515
47515
47515
47516
47516
47520
47522
47529
47530
47540
47546
47550
47557
47560
47563
47566
47576
47577
47580
47593
47593
47596
47596
47599
47602
47603
47606
47614
47619
47620
47622
47634
47648
47649
47649
47650
47650
47655
47659
47661
47665
47670
47674
47675
47679
47683
47683
47694
47696
47696
47707
47707
47711
47711
47716
47720
47723
47723
47724
47726
47734
47737
47738
47742
47742
47745
47750
47753
47755
47758
47760
47764
47775
47775
47784
47784
47787
47788
47796
47798
47799
47802
47805
47809
47819
47819
47825
47831
47831
47831
47831
47842
47842
47842
47844
47845
47855
47859
47862
47862
47862
47864
47868
47873
47875
47880
47882
47887
47887
47898
47899
47911
47911
47911
47911
47912
47925
47925
47929
47932
47932
47935
47943
47943
48039
48039
48039
48040
48040
48040
48041
48041
48041
48041
48042
48042
48042
48042
48042
48043
48043
48043
48043
48049
48049
48051
48055
48066
48067
48072
48075
48076
48081
48087
48089
48093
48105
48105
48106
48116
48116
48118
48118
48120
48131
48134
48137
48137
48142
48159
48159
48161
48161
48166
48170
48174
48179
48180
48185
48199
48199
48200
48200
48206
48211
48213
48216
48227
48229
48231
48234
48246
48246
48247
48251
48258
48260
48266
48277
48277
48282
48282
48284
48289
48300
48300
48315
48315
48316
48316
48321
48325
48330
48340
48340
48340
48345
48356
48357
48357
48358
48362
48371
48374
48377
48409
48413
48420
48420
48420
48421
48421
48421
48421
48433
48433
48434
48438
48457
48460
48462
48561
48561
48561
48561
48562
48562
48562
48562
48562
48563
48563
48563
48563
48563
48563
48564
48564
48564
48570
48581
48586
48593
48593
48596
48604
48610
48615
48617
48629
48629
48633
48647
48650
48655
48656
48662
48662
48667
48677
48682
48695
48699
48704
48711
48717
48720
48722
48727
48730
48739
48742
48748
48749
48751
48755
48756
48761
48763
48774
48774
48779
48782
48790
48790
48791
48803
48803
48804
48809
48814
48819
48823
48827
48832
48840
48849
48849
48851
48860
48862
48869
48870
48876
48885
48885
48894
48897
48905
48905
48908
48918
48926
48926
48934
48941
48952
48955
48968
48969
48983
48989
48995
49085
49086
49086
49086
49087
49087
49088
49088
49088
49088
49089
49089
49089
49089
49090
49090
49090
49091
49091
49091
49094
49100
49101
49112
49116
49119
49123
49127
49139
49139
49143
49146
49153
49159
49162
49167
49172
49175
49179
49182
49193
49199
49203
49208
49213
49216
49218
49222
49232
49237
49240
49250
49257
49258
49265
49267
49271
49274
49284
49289
49291
49295
49301
49304
49308
49312
49324
49328
49328
49337
49337
49337
49345
49345
49354
49356
49356
49361
49371
49376
49382
49386
49390
49393
49396
49404
49414
49427
49430
49434
49437
49441
49453
49457
49462
49468
49473
49477
49484
49488
49490
49495
49498
49501
49507
49509
49512
49609
49609
49610
49610
49610
49610
49610
49611
49611
49611
49611
49612
49612
49612
49612
49612
49613
49613
49613
49613
49613
49613
49616
49622
49623
49629
49632
49634
49643
49645
49649
49653
49654
49657
49672
49673
49677
49679
49692
49693
49696
49703
49708
49711
49713
49734
49735
49735
49735
49741
49746
49755
49755
49766
49766
49770
49770
49775
49779
49783
49787
49790
49793
49798
49801
49804
49806
49811
49820
49823
49825
49825
49829
49833
49839
49846
49847
49859
49862
49866
49868
49869
49873
49874
49912
49912
49912
49912
49913
49913
49913
49913
49916
49926
49931
49934
49938
49943
49947
49950
49961
49961
49962
49973
49975
49975
49980
49989
49989
49992
49996
50000
50004
50011
50016
50021
50024
50031
50043
50136
50136
50136
50137
50137
50137
50137
50137
50137
50138
50140
50140
50140
50140
50141
50141
50141
50141
50153
50153
50164
50164
50164
50174
50175
50177
50192
50192
50195
50199
50203
50208
50218
50223
50234
50235
50241
50254
50260
50264
50269
50274
50287
50287
50294
50296
50300
50302
50303
50307
50316
50317
50322
50325
50328
50333
50345
50348
50350
50355
50357
50361
50365
50375
50376
50379
50387
50388
50392
50405
50416
50417
50421
50421
50427
50432
50437
50441
50445
50456
50456
50462
50465
50470
50475
50478
50481
50498
50498
50499
50506
50508
50510
50513
50522
50526
50532
50536
50536
50544
50550
50562
50564
50568
50659
50659
50659
50660
50660
50661
50661
50661
50661
50662
50662
50663
50663
50663
50663
50664
50664
50664
50665
50665
50673
50674
50686
50689
50693
50703
50707
50712
50723
50725
50731
50746
50747
50747
50759
50759
50760
50760
50768
50772
50773
50781
50787
50791
50801
50811
50811
50817
50822
50826
50834
50838
50840
50848
50851
50862
50862
50866
50870
50875
50875
50884
50884
50889
50893
50898
50905
50910
50917
50921
50929
50933
50942
50949
50957
50969
50977
50977
50981
50991
50996
50999
51010
51011
51011
51015
51018
51021
51025
51038
51038
51044
51048
51054
51055
51058
51061
51065
51074
51087
51088
51089
51182
51182
51183
51183
51183
51184
51184
51184
51184
51184
51185
51185
51185
51185
51185
51185
51186
51186
51186
51189
51194
51201
51214
51215
51215
51225
51227
51238
51245
51255
51263
51268
51277
51286
51292
51296
51299
51310
51311
51317
51321
51326
51330
51341
51341
51352
51356
51357
51363
51363
51369
51373
51385
51401
51405
51409
51414
51415
51415
51415
51418
51425
51433
51436
51436
51459
51465
51465
51476
51476
51476
51479
51483
51495
51495
51513
51513
51514
51524
51526
51547
51547
51549
51553
51558
51568
51572
51576
51580
51584
51594
51595
51599
51601
51607
51607
51610
51612
51707
51708
51708
51708
51709
51709
51709
51709
51710
51710
51710
51710
51710
51711
51711
51711
51711
51725
51726
51729
51729
51732
51732
51732
51732
51733
51736
51746
51746
51756
51780
51782
51783
51787
51792
51798
51806
51821
51821
51822
51828
51831
51841
51846
51848
51852
51855
51859
51865
51876
51879
51879
51881
51886
51888
51902
51902
51904
51913
51918
51922
51922
51934
51934
51938
51943
51945
51945
51956
51956
51962
51962
51964
51972
51974
51979
51990
51992
51996
52000
52005
52010
52014
52020
52021
52034
52034
52043
52045
52045
52054
52056
52067
52068
52068
52068
52070
52082
52086
52093
52097
52104
52105
52105
52108
52111
52115
52121
52122
52134
52134
52230
52231
52231
52231
52231
52232
52232
52233
52233
52233
52234
52234
52234
52234
52235
52235
52235
52235
52235
52236
52236
52236
52237
52237
52237
52237
52241
52241
52241
52243
52247
52257
52257
52257
52259
52286
52287
52287
52287
52287
52288
52288
52288
52300
52300
52300
52301
52303
52304
52311
52315
52316
52326
52340
52351
52352
52357
52360
52364
52367
52371
52379
52386
52388
52391
52393
52396
52398
52404
52414
52415
52425
52425
52426
52426
52580
52582
52583
52583
52584
52585
52585
52586
52586
52586
52587
52587
52588
52588
52588
52589
52589
52589
52590
52590
52591
52591
52591
52592
52592
52592
52592
52593
52593
52594
52594
52594
52594
52595
52595
52596
52596
52596
52597
52597
52597
52598
52598
52598
52598
52599
52601
52602
52608
52609
52612
52615
52621
52625
52627
52642
52642
52649
52649
52651
52652
52666
52756
52757
52757
52757
52758
52758
52758
52758
52758
52759
52759
52759
52759
52760
52760
52760
52760
52768
52769
52772
52776
52780
52782
52803
52804
52804
52808
52813
52815
52817
52822
52830
52839
52839
52844
52857
52858
52859
52861
52864
52874
52887
52887
52887
52888
52888
52890
52893
52936
52939
52943
52943
52956
52959
52967
52972
52975
52978
52981
52983
52987
52999
53003
53015
53015
53016
53016
53025
53044
53045
53046
53050
53050
53050
53051
53063
53067
53067
53068
53070
53079
53084
53084
53084
53085
53088
53092
53095
53097
53098
53100
53104
53108
53110
53122
53122
53159
53159
53160
53160
53160
53160
53164
53165
53165
53171
53172
53175
53176
53176
53179
53183
53187
53189
53280
53281
53281
53281
53281
53282
53282
53282
53282
53282
53282
53283
53283
53283
53283
53283
53283
53284
53284
53284
53284
53284
53284
53285
53285
53285
53285
53285
53289
53291
53291
53291
53296
53304
53305
53305
53306
53313
53313
53316
53318
53322
53323
53325
53336
53339
53339
53346
53347
53347
53347
53351
53351
53354
53356
53361
53361
53362
53363
53377
53381
53382
53383
53387
53388
53391
53394
53400
53403
53407
53410
53413
53415
53423
53425
53430
53431
53437
53437
53449
53451
53452
53459
53460
53463
53475
53478
53481
53488
53493
53497
53507
53508
53511
53515
53519
53521
53527
53530
53532
53535
53546
53546
53549
53552
53556
53560
53562
53575
53575
53613
53613
53613
53613
53614
53615
53615
53616
53616
53618
53624
53635
53635
53642
53643
53649
53651
53653
53659
53673
53673
53673
53677
53680
53693
53694
53694
53702
53705
53705
53710
53810
53811
53812
53813
53813
53813
53813
53814
53814
53814
53814
53815
53819
53819
53819
53820
53822
53822
53823
53823
53823
53825
53825
53825
53828
53828
53829
53829
53829
53830
53830
53836
53836
53836
53842
53847
53850
53851
53853
53859
53871
53871
53872
53875
53879
53881
53882
53900
53900
53902
53902
53906
53917
53917
53918
53918
53919
53922
53930
53931
53935
53939
53944
53947
53959
53963
53964
53964
53965
53967
53977
53977
53979
53981
53989
53990
53995
54004
54004
54004
54005
54009
54010
54014
54019
54022
54024
54027
54029
54044
54044
54044
54045
54047
54069
54069
54069
54069
54070
54072
54074
54087
54091
54091
54095
54102
54102
54102
54111
54111
54117
54118
54122
54125
54129
54140
54149
54149
54153
54153
54161
54161
54163
54166
54175
54178
54179
54191
54194
54195
54202
54206
54211
54223
54224
54226
54229
54231
54235
54328
54328
54328
54329
54329
54329
54329
54330
54330
54330
54331
54331
54331
54331
54331
54332
54332
54332
54332
54333
54345
54352
54352
54352
54352
54354
54366
54367
54369
54370
54375
54382
54383
54385
54387
54400
54406
54406
54411
54411
54416
54419
54426
54429
54432
54435
54439
54442
54451
54460
54461
54461
54464
54471
54473
54476
54478
54481
54491
54493
54495
54498
54501
54504
54509
54509
54527
54527
54527
54534
54534
54534
54545
54546
54546
54550
54554
54559
54562
54564
54576
54578
54591
54591
54595
54602
54612
54613
54620
54630
54633
54636
54642
54648
54678
54678
54678
54679
54679
54683
54692
54699
54703
54708
54713
54716
54721
54731
54736
54739
54747
54752
54854
54854
54854
54855
54855
54856
54856
54857
54857
54857
54857
54858
54858
54858
54858
54858
54859
54859
54859
54859
54860
54860
54865
54865
54865
54870
54873
54875
54878
54882
54885
54891
54894
54902
54917
54936
54936
54936
54939
54940
54944
54944
54944
54954
54959
54964
54974
54975
54977
54990
54994
55005
55010
55012
55017
55022
55029
55036
55039
55045
55055
55060
55061
55067
55067
55079
55079
55079
55083
55093
55096
55097
55100
55108
55111
55118
55123
55129
55133
55136
55144
55148
55159
55161
55161
55166
55171
55179
55184
55188
55193
55198
55200
55208
55210
55215
55217
55220
55223
55228
55231
55240
55243
55243
55265
55266
55266
55266
55266
55277
55281
55377
55378
55378
55378
55379
55379
55379
55379
55379
55380
55380
55380
55380
55380
55381
55381
55381
55381
55381
55386
55386
55392
55397
55399
55409
55415
55415
55427
55427
55427
55434
55439
55452
55452
55453
55460
55467
55471
55486
55489
55495
55495
55505
55508
55523
55523
55523
55526
55531
55540
55544
55551
55569
55570
55570
55577
55587
55594
55597
55603
55610
55619
55620
55627
55629
55641
55641
55654
55664
55667
55673
55678
55685
55688
55698
55709
55710
55711
55716
55721
55735
55743
55748
55753
55762
55765
55779
55779
55783
55795
55803
55803
55803
55806
55811
55902
55902
55903
55903
55903
55903
55903
55904
55904
55904
55904
55905
55905
55905
55905
55905
55905
55910
55911
55917
55918
55930
55933
55933
55940
55943
55946
55948
55960
55961
55965
55969
55974
55979
55979
55982
55990
55996
56003
56006
56012
56022
56028
56028
56031
56037
56040
56062
56069
56070
56073
56078
56081
56114
56114
56115
56116
56116
56116
56118
56130
56133
56133
56137
56148
56148
56149
56153
56156
56160
56164
56168
56183
56183
56186
56193
56194
56199
56207
56218
56220
56225
56237
56237
56241
56249
56249
56250
56251
56259
56263
56266
56274
56275
56275
56276
56282
56282
56292
56294
56300
56300
56307
56312
56317
56319
56319
56322
56328
56337
56337
56426
56426
56426
56427
56427
56427
56427
56429
56429
56430
56430
56431
56431
56431
56431
56432
56432
56432
56432
56438
56438
56438
56440
56449
56453
56453
56459
56463
56466
56466
56469
56478
56484
56490
56498
56508
56508
56515
56516
56530
56530
56531
56535
56542
56545
56554
56556
56556
56570
56570
56580
56581
56586
56587
56597
56602
56606
56613
56619
56623
56628
56633
56640
56648
56655
56660
56665
56672
56676
56677
56681
56688
56696
56696
56709
56716
56721
56725
56729
56731
56745
56749
56749
56755
56757
56768
56771
56782
56784
56791
56793
56794
56797
56801
56803
56807
56818
56819
56822
56833
56834
56838
56850
56851
56853
56951
56951
56951
56951
56952
56952
56952
56952
56953
56953
56953
56953
56953
56954
56954
56954
56954
56954
56954
56955
56955
56958
56968
56968
56968
56977
56979
56984
56990
56990
57001
57008
57012
57016
57019
57027
57034
57039
57049
57052
57056
57059
57063
57068
57072
57081
57084
57090
57093
57095
57106
57127
57127
57127
57128
57138
57139
57163
57164
57164
57170
57175
57179
57191
57197
57198
57201
57202
57205
57210
57215
57218
57221
57226
57230
57232
57241
57245
57249
57252
57261
57272
57275
57276
57281
57298
57298
57299
57299
57299
57300
57306
57320
57320
57321
57322
57333
57333
57337
57337
57342
57345
57349
57353
57354
57358
57365
57368
57372
57374
57378
57381
57384
57473
57474
57474
57475
57475
57475
57475
57476
57476
57476
57476
57477
57477
57477
57477
57477
57478
57478
57478
57478
57478
57479
57479
57479
57479
57480
57480
57480
57480
57483
57483
57488
57493
57496
57506
57531
57531
57531
57531
57532
57532
57532
57532
57532
57534
57535
57540
57543
57545
57545
57558
57560
57560
57563
57565
57568
57571
57578
57582
57584
57588
57600
57600
57605
57607
57611
57613
57615
57617
57635
57636
57636
57639
57643
57646
57652
57657
57658
57667
57667
57669
57673
57682
57682
57685
57688
57691
57693
57697
57701
57713
57713
57713
57714
57727
57727
57737
57737
57742
57765
57767
57767
57767
57767
57767
57768
57769
57772
57772
57774
57780
57782
57792
57793
57796
57799
57803
57811
57817
57819
57822
57827
57830
57837
57843
57846
57850
57853
57856
57860
57865
57867
57871
57872
57875
57878
57889
57889
57894
57896
57899
57902
57904
57905
57907
57998
57998
57998
57999
57999
57999
57999
57999
57999
58000
58000
58000
58000
58000
58000
58000
58000
58001
58001
58001
58001
58001
58001
58001
58001
58002
58002
58002
58002
58002
58003
58005
58006
58008
58010
58014
58014
58018
58021
58021
58025
58026
58030
58031
58040
58040
58045
58046
58046
58052
58052
58053
58053
58054
58056
58057
58060
58063
58064
58066
58070
58070
58072
58073
58079
58081
58081
58087
58087
58087
58102
58105
58107
58107
58107
58108
58108
58110
58121
58121
58121
58125
58126
58132
58132
58132
58137
58139
58166
58167
58167
58167
58167
58167
58167
58172
58176
58178
58181
58183
58184
58198
58200
58200
58206
58209
58209
58210
58219
58219
58226
58226
58226
58231
58236
58240
58240
58241
58245
58248
58254
58270
58270
58270
58271
58273
58287
58287
58287
58288
58294
58294
58303
58304
58308
58320
58321
58321
58337
58337
58337
58351
58351
58351
58352
58362
58365
58365
58366
58368
58372
58375
58376
58380
58383
58387
58388
58391
58394
58397
58398
58398
58403
58410
58418
58418
58418
58418
58425
58425
58425
58426
58521
58521
58521
58522
58522
58522
58522
58523
58523
58523
58523
58523
58523
58524
58524
58524
58524
58524
58524
58525
58525
58525
58525
58525
58525
58526
58526
58528
58531
58552
58552
58552
58552
58553
58553
58566
58567
58567
58567
58568
58571
58573
58577
58579
58582
58586
58587
58604
58604
58604
58605
58630
58630
58630
58631
58631
58631
58631
58631
58631
58634
58634
58645
58645
58645
58645
58648
58650
58654
58654
58658
58659
58660
58662
58673
58676
58676
58681
58681
58681
58695
58698
58699
58699
58699
58700
58700
58701
58710
58711
58712
58714
58716
58717
58718
58730
58730
58730
58731
58731
58733
58734
58736
58737
58739
58742
58754
58754
58755
58755
58757
58757
58761
58761
58762
58763
58765
58767
58778
58778
58778
58779
58779
58786
58791
58791
58792
58792
58797
58798
58798
58804
58805
58806
58807
58810
58810
58813
58813
58814
58816
58842
58842
58845
58846
58846
58846
58846
58846
58847
58847
58847
58847
58848
58850
58855
58856
58858
58860
58862
58863
58865
58867
58878
58878
58880
58880
58881
58881
58891
58891
58895
58895
58895
58905
58905
58905
58905
58905
58915
58917
58958
58959
58959
58959
58959
58959
58960
58960
58960
58960
58960
58960
58960
58961
58961
59046
59047
59047
59047
59047
59048
59048
59048
59048
59048
59049
59049
59049
59049
59050
59050
59050
59050
59050
59051
59054
59054
59054
59055
59055
59055
59055
59055
59056
59056
59056
59056
59056
59057
59057
59057
59057
59057
59057
59058
59058
59058
59058
59058
59058
59058
59059
59061
59061
59071
59074
59074
59076
59076
59076
59077
59078
59080
59084
59086
59089
59092
59093
59094
59095
59105
59108
59109
59109
59109
59109
59111
59119
59119
59120
59125
59126
59127
59128
59128
59131
59135
59136
59136
59137
59138
59142
59142
59144
59150
59155
59159
59159
59160
59160
59176
59176
59177
59177
59177
59177
59177
59177
59178
59178
59179
59191
59191
59194
59194
59197
59199
59204
59205
59205
59215
59215
59216
59217
59221
59221
59233
59233
59234
59234
59234
59234
59235
59250
59250
59251
59251
59256
59256
59258
59258
59260
59261
59263
59266
59266
59267
59276
59285
59285
59286
59286
59287
59287
59291
59291
59295
59297
59298
59298
59304
59304
59305
59309
59309
59318
59318
59323
59324
59324
59324
59342
59342
59342
59343
59343
59343
59343
59343
59351
59352
59356
59360
59362
59367
59369
59372
59376
59376
59378
59381
59384
59387
59390
59402
59402
59410
59410
59411
59415
59418
59418
59418
59429
59435
59445
59445
59448
59448
59448
59448
59450
59453
59456
59457
59460
59461
59467
59472
59473
59473
59477
59480
59571
59571
59571
59572
59572
59572
59572
59572
59572
59572
59573
59573
59573
59573
59573
59574
59575
59575
59575
59575
59576
59576
59576
59576
59576
59576
59576
59576
59577
59577
59577
59577
59577
59577
59577
59578
59578
59578
59578
59578
59581
59585
59585
59585
59586
59594
59595
59595
59595
59596
59602
59610
59614
59614
59615
59616
59621
59624
59634
59635
59635
59636
59645
59645
59651
59657
59657
59657
59657
59657
59660
59663
59665
59668
59672
59674
59679
59683
59683
59695
59695
59695
59709
59710
59710
59710
59714
59714
59722
59725
59728
59728
59734
59734
59734
59734
59736
59737
59742
59742
59743
59746
59748
59751
59761
59763
59767
59767
59775
59775
59775
59776
59776
59779
59779
59779
59782
59792
59792
59796
59800
59802
59811
59811
59812
59817
59817
59817
59817
59818
59818
59818
59822
59825
59826
59830
59832
59833
59836
59847
59847
59847
59851
59853
59853
59853
59864
59874
59874
59874
59874
59874
59875
59875
59886
59886
59886
59887
59887
59888
59891
59893
59901
59901
59903
59905
59906
59910
59911
59911
59916
59922
59923
59926
59927
59927
59931
59937
59937
59937
59937
59937
59942
59944
59945
59947
59951
59953
59964
59964
59964
59966
59968
59972
59977
59978
59985
59986
59990
59990
59992
59994
59997
60000
60002
60096
60096
60097
60097
60098
60098
60098
60098
60098
60099
60099
60100
60100
60100
60100
60101
60101
60101
60101
60101
60102
60102
60102
60102
60102
60103
60103
60103
60103
60103
60104
60104
60104
60104
60104
60105
60105
60109
60109
60109
60110
60111
60111
60122
60122
60122
60122
60122
60124
60126
60127
60130
60132
60135
60137
60139
60143
60144
60151
60158
60159
60171
60172
60173
60174
60177
60184
60189
60209
60213
60215
60216
60216
60216
60216
60216
60217
60217
60217
60221
60221
60223
60226
60229
60232
60233
60236
60237
60240
60244
60244
60255
60255
60258
60260
60260
60261
60263
60267
60267
60272
60272
60273
60277
60278
60280
60283
60283
60286
60299
60300
60300
60302
60302
60303
60303
60312
60312
60317
60317
60321
60325
60335
60336
60343
60343
60344
60347
60352
60355
60360
60363
60366
60369
60373
60377
60383
60383
60384
60385
60391
60392
60394
60397
60400
60401
60402
60407
60419
60419
60419
60419
60419
60420
60431
60431
60432
60432
60432
60440
60442
60442
60443
60443
60445
60449
60451
60452
60457
60457
60459
60465
60465
60467
60467
60473
60474
60475
60476
60482
60485
60487
60489
60491
60493
60496
60499
60500
60501
60504
60513
60514
60518
60518
60525
60527
60528
60619
60620
60620
60620
60620
60621
60621
60621
60621
60622
60622
60622
60622
60622
60623
60623
60623
60623
60623
60624
60624
60624
60624
60624
60624
60625
60625
60625
60625
60625
60626
60626
60626
60626
60626
60627
60627
60627
60627
60627
60628
60637
60638
60638
60638
60643
60644
60645
60645
60648
60648
60649
60649
60654
60657
60659
60662
60664
60666
60667
60671
60680
60680
60680
60680
60682
60683
60688
60696
60697
60703
60703
60706
60707
60707
60711
60711
60715
60717
60720
60723
60723
60727
60731
60731
60732
60745
60746
60746
60749
60752
60754
60757
60757
60758
60759
60761
60762
60765
60769
60770
60776
60781
60781
60782
60782
60786
60788
60791
60791
60793
60796
60801
60808
60808
60808
60814
60814
60839
60839
60840
60840
60840
60842
60842
60843
60843
60845
60845
60845
60846
60847
60850
60850
60859
60859
60859
60859
60875
60877
60878
60878
60878
60878
60880
60881
60883
60894
60894
60894
60895
60897
60903
60904
60906
60908
60909
60913
60915
60916
60927
60930
60930
60930
60930
60943
60943
60943
60943
60945
60946
60949
60950
60954
60957
60960
60964
60967
60967
60969
60974
60975
60977
60991
60991
60992
60992
60994
61001
61002
61005
61009
61011
61012
61018
61020
61022
61022
61033
61035
61038
61039
61040
61042
61043
61046
61051
61053
61144
61144
61144
61145
61145
61145
61145
61145
61146
61146
61146
61146
61147
61147
61147
61147
61147
61147
61148
61148
61148
61148
61148
61148
61149
61149
61149
61149
61149
61149
61150
61150
61150
61150
61150
61150
61155
61156
61156
61156
61159
61159
61163
61165
61168
61169
61171
61173
61176
61181
61182
61183
61186
61188
61194
61196
61207
61207
61207
61214
61228
61228
61229
61229
61229
61229
61231
61233
61235
61237
61247
61249
61249
61256
61258
61258
61261
61262
61276
61276
61282
61283
61283
61283
61283
61293
61298
61298
61299
61301
61304
61308
61309
61315
61318
61321
61323
61325
61329
61335
61338
61339
61342
61348
61349
61359
61360
61363
61364
61364
61365
61368
61369
61374
61376
61381
61382
61386
61397
61397
61397
61401
61402
61402
61402
61405
61406
61408
61409
61416
61416
61426
61427
61427
61427
61430
61440
61440
61440
61440
61441
61442
61446
