328
400
402
477
513
549
550
604
629
653
687
702
702
753
807
824
848
936
942
942
963
992
1019
1043
1045
1066
1088
1104
1122
1159
1163
1169
1169
1189
1219
1222
1222
1245
1245
1245
1245
1245
1245
1245
1245
1245
1245
1245
1246
1246
1270
1306
1306
1306
1306
1306
1306
1306
1306
1319
1319
1319
1320
1320
1320
1320
1320
1320
1320
1320
1320
1320
1320
1320
1320
1320
1320
1320
1320
1320
1320
1320
1320
1320
1320
1320
1320
1320
1320
1320
1320
1320
1320
1320
1320
1320
1320
1325
1334
1334
1334
1334
1334
1334
1334
1334
1334
1334
1334
1334
1334
1334
1334
1334
1334
1334
1357
1358
1358
1358
1358
1358
1358
1358
1358
1358
1358
1365
1365
1365
1365
1365
1373
1373
1380
1380
1380
1380
1380
1380
1381
1381
1381
1381
1381
1381
1381
1381
1381
1381
1381
1391
1391
1391
1391
1391
1391
1391
1394
1394
1394
1394
1394
1394
1394
1406
1406
1406
1406
1409
1418
1426
1427
1427
1427
1427
1427
1427
1427
1427
1427
1427
1427
1429
1429
1429
1429
1429
1434
1434
1434
1434
1434
1434
1434
1434
1434
1434
1434
1434
1434
1434
1434
1434
1434
1434
1434
1435
1435
1435
1435
1435
1435
1435
1435
1435
1435
1435
1435
1435
1435
1436
1436
1436
1436
1436
1436
1436
1436
1436
1436
1436
1436
1436
1436
1436
1436
1436
1436
1436
1436
1436
1436
1436
1436
1436
1436
1436
1436
1436
1436
1436
1436
1436
1436
1436
1436
1436
1436
1436
1436
1436
1436
1436
1439
1439
1439
1439
1439
1439
1439
1439
1439
1439
1439
1439
1439
1439
1439
1439
1439
1443
1448
1448
1448
1448
1448
1448
1448
1449
1449
1449
1449
1453
1453
1453
1454
1456
1456
1465
1465
1465
1465
1465
1465
1469
1469
1469
1469
1477
1477
1477
1477
1478
1478
1479
1485
1500
1512
1524
1526
1526
1526
1526
1526
1526
1526
1526
1526
1536
1537
1540
1540
1540
1540
1540
1540
1540
1540
1540
1540
1540
1540
1540
1545
1545
1545
1545
1545
1545
1545
1545
1545
1646
1649
1649
1656
1656
1656
1656
1661
1661
1661
1661
1662
1662
1664
1664
1664
1664
1664
1664
1664
1664
1664
1664
1664
1665
1665
1665
1665
1668
1670
1677
1677
1677
1677
1677
1677
1677
1677
1677
1677
1677
1677
1677
1686
1688
1692
1692
1692
1692
1693
1693
1693
1693
1695
1695
1700
1703
1703
1703
1703
1704
1704
1711
1711
1711
1711
1711
1721
1728
1728
1728
1728
1729
1729
1738
1739
1739
1739
1758
1758
1758
1824
1831
1839
1839
1839
1839
1839
1839
1839
1839
1876
1877
1893
1896
1896
1896
1896
1896
1896
1896
1896
1896
1896
1896
1896
1896
1896
1896
1896
1896
1896
1899
1900
1908
1908
1908
1908
1908
1908
1908
1911
1911
1911
1911
1915
1915
1920
1921
1921
1929
1939
1939
1939
1939
1939
1939
1939
1943
1943
1943
1943
1947
1947
1956
1960
1961
1961
1965
2055
2055
2055
2055
2055
2055
2055
2055
2055
2055
2055
2055
2055
2055
2055
2055
2055
2055
2055
2055
2055
2055
2055
2055
2055
2055
2076
2082
2082
2082
2082
2082
2083
2083
2083
2083
2083
2083
2083
2083
2083
2083
2083
2083
2083
2083
2083
2083
2083
2083
2083
2144
2145
2147
2155
2159
2161
2161
2161
2161
2161
2161
2164
2166
2169
2169
2169
2171
2173
2177
2182
2182
2182
2182
2182
2182
2182
2182
2186
2195
2195
2195
2195
2195
2195
2195
2195
2195
2195
2195
2196
2203
2203
2203
2203
2203
2203
2203
2203
2203
2203
2203
2203
2203
2207
2207
2207
2207
2207
2207
2207
2208
2212
2212
2212
2212
2212
2212
2212
2212
2212
2212
2212
2212
2217
2220
2221
2221
2221
2221
2221
2229
2230
2230
2230
2230
2230
2235
2255
2256
2256
2267
2267
2270
2270
2270
2273
2278
2278
2278
2278
2340
2340
2340
2341
2341
2350
2350
2350
2350
2350
2350
2350
2350
2350
2350
2350
2350
2350
2350
2350
2350
2350
2365
2366
2366
2366
2369
2371
2371
2371
2371
2371
2371
2371
2371
2375
2375
2375
2375
2375
2375
2387
2388
2388
2388
2388
2388
2388
2389
2399
2399
2399
2399
2400
2409
2409
2409
2409
2409
2409
2409
2409
2414
2414
2425
2431
2431
2431
2431
2431
2431
2431
2441
2447
2448
2449
2449
2449
2449
2449
2459
2459
2459
2466
2471
2472
2472
2472
2472
2489
2490
2490
2497
2497
2497
2497
2504
2506
2506
2506
2506
2506
2506
2506
2521
2522
2522
2522
2522
2522
2522
2543
2543
2543
2543
2543
2544
2544
2544
2548
2548
2551
2551
2551
2554
2559
2567
2568
2568
2568
2568
2568
2568
2574
2578
2586
2586
2586
2586
2586
2667
2671
2674
2681
2681
2681
2681
2681
2681
2681
2681
2681
2681
2681
2681
2681
2681
2681
2686
2687
2694
2694
2694
2694
2694
2694
2694
2694
2701
2701
2701
2701
2701
2701
2701
2701
2711
2711
2711
2711
2711
2711
2711
2711
2711
2711
2711
2711
2711
2711
2711
2711
2711
2731
2732
2732
2732
2732
2732
2732
2738
2738
2738
2738
2738
2738
2738
2738
2738
2738
2739
2739
2739
2739
2739
2755
2757
2765
2765
2765
2789
2799
2800
2800
2800
2800
2800
2800
2810
2823
2823
2840
2843
2844
2844
2844
2844
2844
2845
2845
2845
2845
2845
2845
2850
2850
2850
2850
2861
2861
2861
2861
2861
2864
2870
2887
2889
2895
2896
2896
2896
2896
2896
2896
2896
2902
2902
2902
2902
2904
2905
2908
2908
2908
2908
2925
2927
2927
2940
2944
2944
2944
2944
2944
2948
2959
2961
2961
2961
2961
2961
2965
2980
2987
2996
2997
2997
2997
2998
2998
3011
3015
3015
3015
3015
3015
3022
3029
3029
3031
3034
3034
3034
3034
3034
3034
3034
3034
3034
3034
3034
3034
3034
3053
3059
3073
3074
3074
3074
3074
3074
3074
3074
3074
3074
3076
3096
3098
3106
3111
3112
3112
3112
3112
3188
3188
3188
3196
3205
3206
3206
3206
3206
3206
3206
3206
3207
3207
3207
3207
3207
3207
3212
3215
3215
3215
3215
3215
3215
3215
3215
3215
3215
3215
3215
3215
3215
3215
3215
3215
3215
3216
3217
3217
3217
3217
3217
3218
3218
3218
3219
3219
3219
3219
3222
3237
3239
3239
3256
3257
3257
3257
3257
3257
3260
3260
3260
3260
3260
3260
3260
3261
3263
3263
3263
3271
3272
3272
3272
3291
3291
3291
3291
3291
3291
3332
3332
3333
3333
3333
3333
3333
3333
3333
3333
3333
3333
3333
3341
3354
3358
3358
3384
3384
3384
3384
3384
3384
3384
3384
3384
3384
3384
3384
3384
3391
3391
3391
3391
3391
3417
3423
3423
3423
3423
3423
3423
3423
3423
3423
3423
3423
3427
3438
3450
3450
3450
3450
3450
3450
3450
3450
3450
3450
3450
3450
3451
3476
3477
3477
3477
3477
3477
3486
3487
3487
3487
3487
3487
3487
3492
3492
3492
3492
3502
3506
3508
3508
3530
3534
3534
3534
3558
3558
3558
3558
3558
3565
3574
3578
3589
3590
3590
3590
3590
3590
3590
3607
3608
3612
3616
3617
3621
3621
3624
3626
3626
3630
3630
3722
3727
3728
3729
3730
3730
3730
3730
3730
3730
3730
3733
3734
3734
3734
3762
3780
3785
3795
3796
3796
3796
3796
3796
3796
3796
3796
3796
3796
3796
3796
3796
3796
3796
3796
3796
3796
3796
3805
3810
3810
3810
3810
3810
3810
3810
3810
3810
3810
3810
3810
3810
3830
3830
3830
3830
3830
3833
3833
3866
3866
3866
3866
3866
3866
3866
3866
3866
3866
3866
3866
3866
3866
3883
3884
3884
3884
3884
3890
3896
3900
3906
3906
3909
3917
3917
3917
3917
3917
3917
3920
3938
3940
3940
3940
3940
3946
3950
3950
3950
3950
3950
3966
3966
3966
3976
3979
3980
3997
3999
3999
3999
3999
4003
4003
4003
4003
4003
4003
4003
4011
4011
4024
4024
4032
4035
4035
4035
4037
4037
4042
4042
4062
4063
4063
4070
4070
4070
4070
4090
4099
4101
4106
4106
4106
4106
4109
4111
4111
4124
4124
4143
4149
4149
4149
4151
4151
4151
4151
4249
4250
4251
4251
4251
4251
4251
4251
4251
4275
4275
4275
4275
4275
4275
4275
4275
4275
4275
4275
4289
4289
4289
4289
4289
4289
4289
4289
4289
4289
4289
4289
4289
4289
4289
4293
4294
4294
4296
4306
4306
4307
4319
4322
4323
4343
4343
4343
4354
4358
4358
4358
4360
4365
4365
4375
4375
4375
4378
4378
4379
4379
4383
4389
4417
4418
4428
4428
4428
4428
4428
4445
4445
4445
4445
4445
4445
4445
4460
4466
4467
4476
4476
4476
4476
4477
4502
4508
4508
4508
4508
4508
4510
4511
4511
4511
4511
4521
4523
4533
4535
4550
4554
4572
4572
4572
4572
4572
4572
4572
4572
4572
4576
4576
4576
4576
4576
4586
4587
4588
4596
4604
4616
4616
4616
4616
4619
4619
4619
4635
4635
4635
4635
4635
4635
4635
4645
4650
4652
4661
4664
4664
4666
4672
4672
4762
4765
4776
4776
4776
4776
4788
4789
4789
4789
4789
4789
4789
4791
4792
4792
4792
4792
4792
4792
4792
4792
4792
4792
4792
4794
4794
4794
4794
4807
4812
4812
4812
4812
4812
4812
4812
4812
4841
4849
4849
4849
4849
4849
4849
4849
4849
4849
4849
4857
4858
4862
4877
4877
4877
4894
4896
4950
4950
4950
4950
4950
4950
4950
4950
4950
4950
4950
4950
4950
4950
4950
4971
4973
4973
4985
4986
4986
4986
4986
4986
4999
4999
4999
4999
4999
5013
5013
5013
5013
5013
5013
5013
5020
5021
5021
5021
5021
5024
5024
5024
5031
5031
5036
5036
5047
5047
5047
5063
5063
5063
5063
5064
5064
5064
5065
5065
5069
5081
5088
5088
5088
5090
5090
5090
5090
5099
5103
5104
5107
5107
5107
5111
5113
5113
5121
5125
5134
5134
5134
5134
5134
5137
5137
5150
5154
5154
5154
5154
5187
5189
5189
5193
5193
5193
5201
5203
5293
5298
5302
5302
5312
5312
5312
5312
5312
5312
5312
5313
5313
5313
5313
5313
5313
5313
5313
5313
5313
5313
5313
5313
5313
5313
5313
5318
5318
5318
5319
5323
5323
5323
5323
5323
5323
5331
5332
5333
5333
5333
5333
5350
5354
5357
5357
5365
5365
5365
5371
5379
5380
5380
5380
5393
5396
5396
5396
5397
5398
5409
5409
5409
5410
5429
5430
5453
5479
5481
5486
5486
5486
5486
5486
5486
5486
5486
5486
5486
5486
5499
5499
5499
5499
5618
5620
5622
5622
5636
5636
5636
5642
5642
5642
5642
5642
5642
5642
5643
5646
5646
5646
5646
5646
5646
5646
5646
5646
5646
5646
5646
5646
5646
5649
5657
5668
5670
5670
5670
5670
5670
5670
5670
5670
5670
5670
5670
5670
5675
5675
5675
5675
5675
5675
5675
5675
5675
5675
5685
5687
5687
5687
5694
5704
5704
5713
5714
5715
5719
5720
5722
5832
5832
5832
5832
5832
5850
5850
5850
5866
5866
5866
5866
5866
5866
5866
5866
5866
5866
5866
5866
5866
5866
5866
5866
5866
5866
5866
5867
5867
5887
5899
5899
5899
5913
5914
5914
5914
5926
5927
5927
5937
5945
5946
5959
5960
5961
5970
5971
5988
5989
5989
5989
5995
6015
6017
6017
6017
6017
6026
6029
6034
6034
6060
6060
6060
6062
6062
6062
6062
6069
6069
6075
6076
6088
6092
6092
6112
6114
6122
6124
6124
6142
6143
6143
6143
6147
6147
6168
6171
6175
6176
6178
6191
6198
6198
6198
6199
6209
6225
6227
6231
6231
6239
6242
6337
6337
6337
6337
6337
6337
6341
6353
6355
6355
6355
6355
6355
6355
6355
6364
6364
6364
6375
6379
6379
6379
6379
6379
6379
6379
6379
6392
6392
6394
6409
6411
6411
6411
6411
6423
6430
6434
6437
6442
6442
6444
6457
6462
6462
6462
6462
6462
6462
6466
6478
6479
6479
6484
6484
6488
6493
6496
6507
6509
6513
6513
6530
6530
6530
6530
6542
6543
6546
6546
6550
6558
6559
6563
6563
6563
6583
6589
6589
6589
6589
6600
6600
6612
6615
6615
6615
6615
6615
6615
6620
6621
6621
6621
6621
6628
6657
6659
6659
6659
6659
6659
6659
6678
6678
6684
6685
6687
6688
6736
6736
6736
6736
6736
6751
6760
6761
6761
6789
6789
6789
6792
6792
6889
6891
6891
6891
6891
6891
6892
6892
6895
6895
6895
6895
6895
6895
6910
6910
6911
6911
6911
6911
6911
6911
6911
6911
6911
6911
6911
6911
6911
6911
6911
6911
6917
6925
6938
6938
6938
6938
6942
7008
7012
7012
7017
7017
7017
7017
7017
7017
7017
7017
7017
7017
7017
7017
7017
7017
7017
7024
7024
7024
7028
7032
7043
7046
7064
7082
7082
7082
7082
7082
7082
7082
7082
7083
7083
7093
7094
7104
7112
7113
7113
7113
7128
7153
7153
7153
7153
7153
7153
7153
7153
7156
7171
7174
7174
7178
7194
7194
7194
7194
7194
7213
7214
7214
7214
7218
7218
7241
7241
7241
7241
7241
7241
7256
7256
7261
7269
7272
7272
7272
7276
7284
7290
7290
7290
7567
7569
7569
7569
7572
7576
7579
7579
7579
7579
7579
7579
7579
7579
7579
7579
7579
7579
7579
7579
7579
7581
7582
7582
7582
7582
7582
7582
7582
7582
7582
7582
7582
7583
7583
7583
7583
7583
7583
7583
7583
7583
7583
7583
7583
7583
7583
7583
7583
7583
7583
7583
7583
7583
7583
7583
7583
7583
7584
7584
7584
7584
7584
7584
7584
7584
7584
7584
7584
7584
7584
7584
7584
7584
7584
7584
7584
7584
7584
7584
7584
7584
7584
7584
7584
7600
7603
7623
8251
8266
8267
8267
8267
8267
8267
8267
8267
8267
8267
8267
8267
8267
8267
8267
8267
8267
8267
8267
8267
8267
8267
8267
8267
8267
8267
8267
8267
8267
8267
8267
8267
8267
8267
8268
8268
8268
8268
8268
8268
8268
8268
8268
8268
8268
8268
8268
8268
8268
8268
8268
8268
8268
8268
8268
8268
8268
8268
8268
8268
8268
8268
8268
8268
8268
8268
8268
8268
8268
8268
8270
8272
8272
8272
8272
8272
8272
8272
8272
8272
8272
8272
8272
8272
8274
8274
8274
8274
8274
8274
8274
8274
8274
8274
8274
8274
8274
8274
8274
8274
8275
8275
8275
8275
8275
8275
8275
8275
8275
8275
8275
8275
8275
8275
8275
8275
8275
8275
8275
8276
8276
8276
8276
8276
8276
8276
8276
8276
8276
8276
8281
8282
8282
8282
8283
8283
8283
8283
8283
8283
8283
8283
8283
8283
8284
8284
8284
8284
8284
8284
8284
8284
8284
8284
8284
8284
8284
8284
8284
8284
8284
8284
8284
8284
8284
8284
8284
8284
8284
8292
8293
8293
8303
8316
8331
8331
8342
8342
8342
8347
8347
8347
8347
8439
8440
8440
8443
8443
9247
9254
9258
9258
9258
9258
9259
9259
9259
9259
9259
9259
9259
9259
9259
9259
9259
9259
9259
9259
9259
9259
9259
9259
9259
9259
9259
9259
9259
9259
9259
9259
9259
9259
9259
9259
9259
9259
9259
9259
9259
9259
9259
9259
9259
9259
9259
9259
9259
9259
9259
9259
9259
9259
9259
9259
9259
9259
9259
9259
9259
9259
9259
9259
9259
9259
9259
9259
9259
9259
9259
9259
9259
9259
9260
9263
9263
9263
9263
9263
9267
9268
9268
9268
9268
9268
9268
9268
9268
9268
9268
9268
9268
9268
9268
9268
9268
9268
9268
9268
9268
9268
9268
9268
9268
9268
9268
9268
9268
9268
9268
9268
9269
9269
9269
9269
9269
9269
9269
9269
9269
9269
9269
9269
9269
9269
9276
9276
9276
9276
9276
9276
9276
9276
9276
9276
9276
9276
9276
9276
9276
9276
9276
9276
9276
9276
9276
9276
9276
9276
9276
9276
9276
9276
9276
9276
9276
9276
9276
9276
9276
9276
9276
9276
9276
9276
9276
9276
9276
9276
9276
9276
9279
9282
9292
9292
9292
9292
9292
9292
9292
9292
9292
9292
9292
9292
9292
9292
9292
9292
9292
9292
9292
9292
9292
9292
9292
9292
9292
9292
9292
9292
9292
9292
9292
9292
9328
9350
9350
9350
9350
9350
9350
9350
9350
9350
9350
9351
9351
9351
9351
9362
9362
9362
9362
9363
9371
9373
9374
9386
9387
9481
9505
9508
9508
9508
9508
9508
9508
9508
9508
9508
9508
9508
9508
9508
9508
9508
9508
9508
9508
9525
9527
9527
9527
9527
9531
9532
9545
9547
9550
9559
9559
9559
9571
9594
9594
9594
9594
9594
9594
9594
9594
9594
9601
9601
9601
9601
9601
9605
9625
9625
9625
9639
9642
9656
9663
9666
9666
9666
9666
9666
9672
9681
9681
9682
9689
9689
9712
9714
9714
9714
9716
9722
9728
9730
9731
9737
9743
9766
9766
9766
9766
9766
9782
9783
9783
9807
9807
9807
9807
9807
9810
9811
9815
9834
9834
9834
9835
9835
9836
9857
9857
9857
9877
9885
9891
9895
9900
9901
9901
9901
9901
9901
9901
9901
9906
9914
9914
9914
9914
10105
10108
10108
10108
10108
10108
10108
10108
10108
10108
10108
10108
10109
10109
10109
10109
10109
10109
10109
10109
10109
10109
10109
10109
10109
10109
10109
10110
10110
10110
10110
10110
10110
10110
10110
10110
10110
10110
10110
10110
10110
10110
10179
10179
10179
10179
10179
10179
10179
10180
10180
10180
10180
10180
10180
10180
10180
10180
10180
10180
10180
10180
10181
10181
10201
10202
10202
10209
10217
10222
10227
10232
10241
10241
10248
10255
10277
10279
10279
10279
10296
10297
10297
10297
10297
10312
10315
10315
10341
10341
10341
10341
10341
10341
10341
10360
10364
10364
10365
10365
10377
10398
10406
10406
10406
10406
10407
10407
10418
10418
10420
10420
10420
10426
10426
10435
10445
10728
10729
10729
10729
10729
10729
10729
10729
10729
10729
10729
10730
10730
10730
10730
10730
10730
10731
10731
10731
10731
10731
10731
10731
10731
10731
10731
10731
10731
10731
10731
10731
10731
10731
10731
10731
10731
10731
10731
10731
10731
10731
10731
10731
10731
10731
10731
10731
10731
10731
10731
10731
10731
10731
10731
10731
10731
10731
10731
10731
10731
10731
10731
10731
10731
10731
10731
10731
10731
10731
10731
10731
10731
10755
10757
10760
10771
10771
10771
10771
10771
10771
10771
10771
10783
10783
10783
10783
10798
10798
10808
10808
10808
10817
10817
10821
10821
10821
10821
10821
10840
10840
10844
10847
10847
10847
10847
10858
10860
10860
10884
10900
10902
10902
10902
10902
10902
10902
10902
10902
10909
10910
10918
10928
10928
10928
10931
10937
10937
10937
10937
10943
10944
10960
10960
10961
10961
11049
11056
11057
11057
11057
11057
11057
11057
11057
11057
11057
11057
11057
11057
11057
11061
11061
11061
11061
11061
11061
11061
11061
11061
11061
11069
11069
11081
11081
11092
11093
11101
11106
11112
11112
11112
11122
11123
11123
11140
11141
11141
11144
11144
11160
11162
11168
11176
11176
11176
11176
11176
11184
11186
11200
11203
11213
11214
11216
11216
11218
11219
11227
11228
11241
11243
11244
11248
11257
11257
11257
11267
11272
11276
11276
11281
11307
11310
11310
11310
11310
11310
11310
11310
11312
11312
11338
11353
11360
11360
11360
11360
11360
11360
11360
11360
11360
11374
11407
11411
11411
11411
11411
11411
11411
11411
11425
11427
11427
11433
11439
11451
11451
11451
11456
11456
11456
11456
11456
11470
11480
11489
11492
11492
11492
11492
11584
11591
11591
11591
11592
11592
11592
11592
11592
11592
11592
11592
11592
11592
11592
11592
11592
11592
11592
11592
11593
11593
11593
11593
11593
11593
11593
11593
11593
11608
11616
11619
11626
11647
11647
11647
11648
11648
11648
11648
11648
11670
11672
11672
11672
11673
11674
11674
11682
11696
11704
11707
11707
11707
11717
11722
11737
11750
11750
11750
11750
11752
11752
11752
11776
11787
11787
11787
11787
11788
11796
11810
11821
11823
11823
11823
11823
11831
11832
11842
11850
11850
11859
11865
11873
11873
11873
11873
11873
11873
11895
11900
11902
11902
11902
11902
11911
11914
11914
11914
11914
11916
11925
11925
11944
11949
11949
11950
11950
11950
11950
11957
11957
11957
11987
11992
11992
11992
11992
11999
12000
12006
12009
12009
12107
12108
12109
12109
12123
12132
12132
12132
12132
12133
12133
12133
12133
12133
12133
12133
12133
12149
12149
12149
12149
12149
12149
12149
12149
12157
12165
12165
12165
12166
12166
12166
12166
12166
12166
12166
12166
12166
12166
12166
12175
12175
12175
12182
12183
12183
12192
12206
12217
12217
12217
12217
12229
12230
12233
12244
12244
12244
12244
12244
12244
12244
12256
12256
12256
12267
12267
12276
12277
12277
12277
12277
12277
12281
12284
12291
12291
12295
12307
12310
12310
12312
12314
12314
12314
12315
12324
12328
12331
12332
12406
12438
12448
12448
12448
12448
12448
12448
12448
12448
12448
12448
12448
12448
12448
12448
12448
12448
12448
12448
12455
12455
12455
12455
12470
12470
12470
12470
12470
12470
12470
12494
12502
12505
12505
12505
12506
12506
12506
12512
12521
12531
12531
12541
12541
12624
12643
12643
12643
12643
12643
12643
12643
12643
12643
12643
12643
12643
12643
12652
12659
12662
12672
12672
12672
12672
12676
12676
12676
12676
12676
12676
12676
12676
12676
12676
12676
12676
12676
12699
12699
12699
12709
12710
12710
12710
12722
12722
12735
12744
12748
12750
12750
12750
12750
12750
12754
12759
12760
12772
12773
12773
12775
12782
12793
12798
12803
12804
12819
12824
12824
12824
12826
12838
12863
12863
12863
12863
12863
12869
12869
12869
12869
12898
12898
12898
12898
12898
12898
12898
12907
12914
12914
12914
12917
12917
12932
12933
12933
12941
12942
12942
12954
12958
12964
12972
12973
12982
12986
12997
13011
13013
13013
13013
13017
13020
13022
13022
13044
13049
13049
13049
13049
13053
13053
13065
13147
13171
13171
13171
13171
13171
13171
13171
13171
13171
13171
13171
13171
13171
13171
13171
13171
13171
13171
13171
13171
13171
13171
13171
13171
13189
13190
13190
13190
13190
13195
13195
13205
13205
13205
13209
13209
13218
13229
13237
13252
13252
13252
13252
13259
13274
13274
13281
13288
13288
13288
13293
13293
13306
13321
13331
13341
13341
13342
13342
13342
13354
13356
13364
13366
13374
13397
13400
13408
13408
13408
13408
13408
13413
13422
13424
13424
13424
13424
13424
13424
13452
13452
13452
13452
13452
13452
13452
13452
13452
13466
13474
13493
13495
13495
13495
13495
13526
13532
13532
13532
13532
13532
13532
13552
13556
13556
13556
13560
13560
13568
13568
13568
13577
13587
13597
13597
13697
13707
13707
13707
13707
13707
13708
13708
13708
13708
13708
13708
13709
13709
13709
13709
13709
13709
13709
13709
13709
13709
13709
13709
13709
13709
13709
13709
13709
13709
13709
13717
13725
13725
13733
13733
13733
13733
13733
13746
13753
13765
13775
13783
13785
13785
13785
13785
13785
13785
13785
13785
13793
13801
13803
13814
13830
13830
13830
13830
13830
13833
13834
13834
13834
13840
13847
13847
13847
13866
13867
13883
13883
13883
13883
13883
13884
13884
13884
13884
13884
13920
13926
13926
13926
13926
13926
13926
13940
13943
13957
13964
13964
13964
13964
13964
13964
13964
13984
13985
13985
13985
13985
13985
13985
14059
14059
14059
14059
14059
14059
14059
14059
14059
14059
14059
14059
14059
14059
14059
14059
14059
14059
14066
14070
14071
14077
14080
14092
14092
14111
14122
14123
14123
14196
14212
14212
14212
14212
14217
14217
14218
14218
14218
14218
14218
14218
14218
14218
14225
14225
14225
14225
14225
14225
14225
14225
14225
14225
14225
14225
14233
14240
14240
14240
14241
14241
14250
14250
14250
14272
14274
14274
14275
14275
14276
14277
14277
14298
14304
14307
14307
14307
14331
14331
14332
14332
14332
14332
14332
14344
14360
14360
14364
14364
14382
14382
14382
14394
14396
14396
14396
14399
14399
14399
14399
14399
14399
14399
14430
14431
14431
14431
14431
14431
14475
14475
14475
14475
14475
14475
14482
14482
14482
14482
14482
14501
14509
14510
14510
14510
14510
14510
14510
14510
14518
14518
14519
14537
14537
14537
14549
14554
14561
14561
14569
14569
14572
14573
14574
14576
14599
14602
14602
14602
14605
14605
14614
14627
14628
14720
14734
14734
14734
14734
14734
14734
14734
14735
14736
14743
14743
14743
14743
14743
14743
14747
14754
14757
14768
14771
14771
14771
14772
14778
14778
14778
14778
14778
14778
14778
14778
14781
14782
14782
14782
14782
14787
14802
14803
14803
14819
14819
14819
14819
14827
14830
14831
14831
14865
14879
14879
14879
14879
14879
14879
14879
14902
14902
14902
14902
14902
14910
14910
14910
14910
14910
14916
14927
14929
14929
14929
14945
14947
14947
14947
14947
14947
14947
14947
14947
14958
14958
14958
14958
14969
14969
14969
14998
14998
14998
14998
14998
14998
15029
15052
15055
15055
15055
15055
15055
15055
15055
15055
15057
15057
15057
15057
15057
15057
15069
15069
15069
15073
15086
15086
15096
15099
15118
15118
15120
15120
15120
15120
15125
15125
15167
15170
15170
15170
15170
15170
15239
15250
15263
15264
15264
15264
15264
15264
15264
15264
15264
15264
15264
15264
15264
15264
15264
15264
15264
15264
15264
15264
15264
15264
15264
15264
15266
15275
15277
15277
15277
15284
15302
15303
15303
15303
15303
15303
15311
15320
15329
15329
15329
15354
15354
15376
15381
15381
15381
15388
15392
15392
15392
15410
15410
15410
15416
15424
15424
15426
15426
15426
15429
15430
15430
15446
15446
15446
15446
15475
15479
15479
15479
15479
15479
15479
15488
15489
15490
15490
15490
15503
15503
15503
15503
15512
15530
15530
15530
15542
15545
15545
15554
15558
15558
15558
15560
15568
15568
15568
15568
15568
15568
15568
15590
15591
15591
15591
15591
15591
15591
15591
15596
15596
15596
15607
15612
15621
15621
15641
15641
15653
15654
15654
15654
15654
15657
15657
15658
15659
15659
15659
15659
15672
15673
15673
15673
15673
15679
15775
15781
15781
15794
15794
15794
15794
15803
15803
15805
15805
15805
15805
15805
15805
15811
15811
15811
15811
15811
15811
15811
15811
15811
15811
15811
15811
15811
15811
15811
15811
15811
15811
15811
15812
15812
15820
15827
15829
15829
15829
15829
15829
15835
15850
15854
15854
15854
15854
15854
15858
15864
15867
15868
15868
15868
15877
15880
15880
15880
15884
15910
15911
15912
15919
15919
15919
15920
15929
15929
15929
15933
15949
15950
15950
15960
15961
15961
15961
15962
15981
15981
15982
15982
15997
16001
16001
16001
16001
16002
16003
16003
16027
16027
16027
16027
16027
16035
16036
16046
16046
16046
16076
16076
16076
16076
16076
16076
16076
16076
16090
16090
16090
16100
16107
16108
16108
16108
16108
16108
16108
16125
16125
16125
16148
16148
16148
16148
16193
16194
16194
16194
16194
16194
16194
16195
16197
16199
16199
16199
16201
16201
16201
16201
16201
16293
16293
16298
16304
16304
16304
16304
16304
16304
16304
16304
16304
16304
16304
16304
16306
16309
16309
16309
16312
16312
16312
16312
16312
16312
16312
16312
16312
16312
16316
16324
16327
16328
16363
16364
16364
16364
16398
16406
16413
16413
16413
16413
16414
16414
16414
16414
16415
16415
16415
16415
16415
16433
16438
16438
16453
16457
16457
16461
16467
16472
16472
16472
16472
16494
16495
16495
16495
16495
16495
16501
16501
16509
16532
16539
16544
16544
16546
16547
16547
16558
16560
16561
16562
16569
16569
16582
16582
16582
16590
16601
16610
16625
16625
16625
16625
16625
16625
16630
16640
16640
16652
16653
16658
16658
16686
16686
16686
16763
16768
16768
16768
16768
16768
16768
16768
16768
16768
16768
16768
16821
16821
16822
16822
16822
16823
16823
16823
16823
16823
16823
16844
16853
16855
16856
16856
16856
16856
16866
16866
16866
16866
16866
16866
16866
16866
16876
16892
16892
16892
16892
16892
16892
16892
16892
16893
16893
16893
16893
16905
16905
16917
16929
16930
16956
16967
16967
16968
16968
16968
16968
16968
16968
16970
16970
16970
16978
16978
16981
17008
17027
17028
17032
17032
17033
17033
17033
17033
17040
17040
17061
17061
17074
17080
17080
17080
17080
17086
17096
17096
17096
17096
17132
17132
17132
17132
17132
17132
17132
17149
17149
17149
17149
17161
17161
17161
17181
17186
17189
17190
17190
17190
17190
17190
17210
17210
17210
17214
17223
17223
17223
17223
17223
17223
17237
17238
17238
17238
17253
17256
17256
17256
17256
17341
17347
17347
17352
17352
17369
17369
17369
17369
17369
17369
17369
17377
17377
17377
17377
17377
17377
17377
17377
17377
17377
17377
17377
17389
17392
17392
17392
17398
17401
17401
17403
17403
17413
17424
17427
17428
17428
17428
17428
17428
17428
17428
17428
17437
17437
17437
17437
17437
17451
17454
17454
17454
17454
17454
17461
17461
17467
17473
17477
17477
17477
17487
17496
17502
17502
17502
17502
17529
17531
17531
17531
17531
17531
17531
17531
17532
17555
17557
17562
17562
17593
17594
17613
17615
17615
17615
17615
17615
17615
17615
17615
17615
17622
17624
17625
17626
17633
17633
17651
17651
17651
17662
17662
17671
17673
17676
17676
17676
17692
17698
17707
17708
17712
17716
17716
17716
17716
17720
17726
17727
17729
17730
17736
17736
17736
17744
17755
17761
17766
17766
17766
17766
17766
17766
17767
17767
17767
17767
17781
17893
17893
17894
17896
17896
17896
17896
17896
17896
17896
17896
17896
17896
17896
17896
17896
17902
17903
17903
17903
17903
17903
17903
17903
17903
17903
17903
17909
17911
17921
17923
17923
17923
17923
17935
17936
17946
17947
17947
17954
17963
17964
17964
17993
17994
17994
17994
17995
17997
17997
17997
17997
17997
18018
18018
18018
18030
18030
18036
18045
18054
18054
18056
18062
18084
18084
18084
18084
18084
18084
18084
18090
18090
18099
18104
18105
18117
18117
18117
18117
18129
18143
18143
18143
18151
18151
18151
18159
18168
18171
18171
18171
18171
18171
18177
18187
18189
18193
18194
18201
18211
18211
18211
18214
18220
18220
18240
18241
18241
18241
18241
18243
18252
18277
18279
18279
18279
18279
18295
18299
18299
18299
18299
18304
18304
18304
18405
18414
18414
18414
18414
18414
18414
18414
18414
18414
18414
18414
18414
18414
18414
18414
18414
18415
18415
18415
18416
18416
18416
18416
18416
18416
18429
18430
18430
18444
18479
18479
18479
18495
18495
18495
18495
18495
18495
18495
18495
18495
18495
18495
18495
18495
18501
18504
18504
18509
18509
18510
18510
18529
18530
18530
18530
18533
18561
18561
18561
18561
18561
18564
18601
18604
18605
18605
18605
18605
18605
18605
18605
18611
18611
18611
18613
18620
18620
18620
18622
18626
18626
18628
18638
18664
18665
18674
18674
18674
18674
18674
18674
18681
18686
18691
18693
18693
18697
18712
18712
18712
18712
18712
18712
18725
18731
18731
18731
18739
18739
18739
18744
18744
18778
18786
18788
18788
18788
18788
18788
18788
18788
18791
18801
18801
18811
18813
18822
18834
18838
18839
18919
18935
18935
18935
18935
18950
18950
18950
18950
18950
18950
18950
18950
18950
18950
18950
18950
18950
18950
18950
18950
18950
18950
18951
18951
18953
18955
18955
18967
18981
18981
18981
18981
18999
19000
19000
19000
19000
19005
19008
19008
19008
19012
19020
19030
19036
19039
19039
19039
19039
19050
19058
19058
19058
19058
19081
19081
19081
19081
19081
19284
19294
19295
19295
19295
19295
19295
19297
19297
19297
19312
19323
19324
19324
19324
19324
19324
19324
19324
19324
19324
19324
19324
19324
19324
19334
19343
19343
19354
19360
19361
19361
19361
19361
19361
19361
19361
19361
19361
19361
19361
19361
19361
19439
19459
19460
19460
19460
19460
19460
19460
19460
19481
19489
19493
19493
19493
19493
19493
19493
19493
19493
19493
19493
19493
19493
19493
19493
19493
19493
19493
19493
19493
19496
19502
19503
19503
19503
19503
19503
19503
19524
19546
19546
19546
19546
19546
19546
19546
19554
19556
19556
19556
19556
19561
19566
19573
19576
19576
19576
19599
19604
19608
19608
19608
19608
19614
19615
19615
19626
19632
19646
19656
19667
19667
19667
19667
19671
19679
19681
19681
19681
19681
19681
19681
19690
19690
19705
19705
19705
19705
19723
19772
19772
19772
19772
19772
19772
19772
19772
19772
19772
19772
19772
19778
19780
19781
19781
19781
19790
19790
19792
19815
19817
19817
19818
19822
19822
19822
19828
19828
19829
19831
19843
19844
19865
19866
19866
19866
19866
19866
19867
19875
19883
19962
19966
19975
19982
19990
19991
19991
19991
19991
19991
19992
19992
19992
19992
19992
19992
19992
19992
19993
19993
19993
19993
19993
19993
19993
19993
19993
19993
19993
19993
19993
19993
19994
19994
19994
19994
19994
19994
19997
19998
20004
20012
20013
20035
20035
20237
20237
20237
20237
20237
20237
20237
20237
20237
20237
20238
20238
20238
20238
20238
20238
20238
20238
20238
20238
20238
20238
20238
20238
20238
20238
20238
20238
20238
20238
20238
20238
20238
20238
20238
20238
20238
20238
20239
20239
20239
20239
20239
20239
20239
20239
20239
20239
20239
20239
20239
20239
20239
20239
20239
20242
20242
20248
20252
20259
20260
20277
20277
20294
20294
20295
20295
20295
20295
20303
20306
20309
20312
20318
20331
20332
20340
20360
20360
20370
20370
20372
20374
20374
20374
20389
20392
20420
20421
20421
20428
20486
20491
20492
20492
20492
20492
20492
20492
20494
20494
20494
20507
20507
20507
20507
20507
20507
20507
20507
20514
20517
20517
20517
20518
20518
20518
20518
20518
20518
20518
20536
20536
20537
20537
20551
20571
20574
20575
20575
20575
20583
20601
20601
20601
20601
20601
20601
20612
20620
20627
20627
20627
20627
20644
20656
20656
20656
20665
20665
20666
20666
20666
20741
20742
20748
20750
20750
20750
20750
20750
20750
20750
20750
20750
20750
20750
20750
20750
20750
20754
20764
20785
20789
20792
20792
20792
20792
20792
20792
20800
20817
20818
20819
20819
20819
20827
20828
20839
20844
20848
20861
20861
20861
20862
20866
20877
20880
20891
20891
20897
20898
20898
20898
20906
20907
21020
21020
21020
21020
21029
21035
21037
21037
21044
21049
21049
21050
21050
21050
21051
21051
21051
21051
21052
21056
21056
21056
21056
21056
21056
21058
21058
21058
21058
21058
21058
21068
21068
21068
21068
21068
21068
21073
21079
21079
21079
21083
21083
21083
21083
21089
21090
21090
21099
21104
21104
21106
21113
21119
21120
21130
21132
21133
21136
21151
21152
21157
21161
21161
21161
21177
21177
21177
21178
21178
21180
21180
21187
21190
21191
21196
21211
21216
21217
21217
21236
21237
21237
21237
21248
21249
21249
21249
21250
21250
21263
21274
21278
21278
21292
21296
21296
21296
21296
21305
21305
21305
21309
21315
21338
21338
21338
21341
21344
21344
21345
21351
21351
21366
21372
21372
21387
21392
21392
21392
21392
21411
21413
21422
21422
21422
21422
21422
21422
21426
21430
21542
21546
21548
21548
21548
21548
21548
21548
21549
21549
21549
21549
21565
21565
21565
21565
21565
21565
21565
21565
21565
21566
21566
21566
21566
21566
21566
21566
21566
21566
21566
21566
21566
21566
21566
21566
21566
21566
21566
21599
21600
21600
21605
21605
21605
21605
21605
21605
21607
21611
21629
21635
21635
21667
21668
21668
21671
21671
21671
21671
21758
21758
21759
21759
21759
21759
21759
21762
21762
21762
21762
21762
21762
21771
21771
21771
21771
21771
21771
21778
21779
21780
21780
21780
21780
21784
21785
21787
21787
21787
21803
21811
21812
21816
21816
21817
21817
21841
21841
21841
21841
21841
21842
21842
21842
21847
21854
21854
21861
21875
21876
21877
21884
21900
21900
21900
21912
21912
21912
21912
21927
21936
21936
21936
21936
21950
21951
21951
21961
22071
22082
22085
22085
22085
22085
22085
22085
22085
22085
22085
22085
22085
22085
22085
22085
22085
22085
22085
22085
22085
22085
22085
22110
22118
22118
22118
22118
22118
22118
22153
22153
22153
22153
22160
22166
22172
22188
22195
22195
22195
22195
22195
22195
22195
22195
22206
22206
22206
22206
22206
22223
22239
22242
22242
22242
22242
22247
22251
22252
22252
22253
22257
22257
22258
22262
22263
22279
22282
22282
22282
22289
22289
22302
22303
22303
22304
22319
22331
22331
22335
22344
22346
22370
22375
22380
22408
22408
22408
22408
22408
22408
22408
22408
22408
22408
22408
22409
22421
22439
22440
22440
22440
22440
22464
22493
22499
22499
22499
22499
22499
22499
22499
22499
22591
22607
22610
22618
22622
22622
22623
22623
22623
22625
22625
22625
22625
22625
22625
22625
22625
22625
22625
22625
22625
22625
22626
22626
22626
22626
22626
22626
22626
22627
22629
22633
22634
22638
22650
22651
22651
22651
22651
22657
22668
22673
22678
22683
22686
22691
22697
22699
22699
22714
22717
22730
22732
22732
22733
22733
22733
22743
22750
22750
22768
22768
22768
22786
22786
22787
22787
22803
22807
22807
22807
22807
22807
22807
22807
22815
22821
22825
22831
22831
22833
22839
22862
22877
22877
22877
22877
22885
22886
22886
22886
22886
22886
22886
22886
22886
22886
22890
22890
22899
22900
22900
22903
22903
22903
22907
22914
22914
22914
22922
22951
22951
22951
22951
22951
22951
22959
22960
22960
22968
22970
22973
22973
22989
22989
22989
22989
23008
23010
23010
23012
23014
23017
23017
23108
23108
23108
23135
23139
23140
23140
23140
23140
23140
23140
23140
23140
23140
23140
23140
23140
23140
23140
23140
23140
23140
23140
23140
23140
23140
23140
23140
23140
23140
23140
23140
23140
23140
23140
23153
23155
23155
23159
23160
23169
23177
23178
23181
23182
23211
23248
23253
23254
23254
23254
23254
23254
23254
23254
23255
23255
23255
23255
23255
23255
23260
23260
23260
23260
23260
23260
23260
23275
23289
23290
23290
23290
23292
23294
23295
23296
23296
23306
23311
23318
23318
23318
23318
23320
23323
23330
23333
23333
23333
23347
23347
23347
23347
23347
23359
23359
23360
23360
23360
23360
23387
23388
23400
23401
23401
23401
23404
23423
23434
23434
23434
23434
23434
23434
23450
23456
23458
23458
23475
23476
23476
23476
23476
23476
23476
23476
23477
23482
23496
23496
23507
23508
23508
23508
23510
23516
23518
23534
23534
23543
23556
23567
23568
23568
23568
23638
23638
23638
23653
23653
23653
23653
23653
23653
23653
23653
23653
23653
23653
23653
23653
23653
23653
23653
23653
23653
23653
23653
23653
23653
23653
23653
23666
23666
23666
23666
23674
23674
23674
23674
23674
23674
23680
23680
23680
23680
23696
23697
23697
23697
23697
23697
23708
23753
23753
23753
23753
23753
23753
23753
23754
23754
23754
23754
23754
23754
23754
23767
23768
23768
23768
23768
23777
23784
23785
23788
23788
23788
23791
23795
23812
23832
23834
23834
23841
23844
23844
23844
23844
23844
23844
23844
23865
23868
23868
23878
23878
23878
23878
23886
23889
23894
23895
23895
23909
23909
23910
23924
23931
23938
23943
23943
23945
23945
23977
23978
23978
23978
23982
23985
23985
23985
23985
23985
23985
23985
24003
24004
24004
24011
24011
24011
24013
24019
24019
24019
24019
24019
24019
24022
24035
24038
24042
24063
24064
24064
24066
24074
24074
24074
24074
24074
24074
24074
24171
24174
24174
24174
24182
24182
24183
24184
24184
24184
24184
24184
24184
24184
24184
24184
24184
24184
24184
24184
24184
24184
24184
24184
24184
24184
24184
24184
24184
24184
24184
24203
24204
24204
24214
24214
24215
24218
24220
24221
24249
24253
24258
24258
24258
24260
24260
24266
24267
24267
24267
24272
24273
24299
24300
24300
24300
24301
24302
24302
24310
24310
24310
24332
24335
24335
24335
24335
24340
24341
24341
24341
24347
24349
24349
24369
24369
24369
24369
24369
24369
24403
24404
24404
24408
24419
24421
24422
24422
24422
24422
24422
24434
24434
24434
24436
24436
24436
24439
24439
24440
24455
24455
24455
24460
24462
24475
24475
24475
24489
24494
24499
24500
24500
24500
24511
24511
24515
24515
24526
24526
24527
24539
24539
24576
24599
24604
24607
24608
24608
24608
24608
24608
24609
24690
24693
24701
24703
24703
24703
24703
24703
24724
24724
24736
24738
24738
24738
24738
24738
24738
24738
24742
24742
24742
24742
24742
24742
24742
24742
24742
24742
24742
24742
24742
24742
24742
24755
24762
24765
24765
24774
24774
24774
24783
24783
24783
24783
24783
24783
24785
24825
24826
24826
24826
24826
24832
24835
24835
24835
24835
24854
24856
24856
24856
24860
24865
24869
24869
24909
24909
24909
24909
24909
24909
24914
24914
24924
24925
24925
24930
24938
24941
24941
24954
24954
24965
24973
24983
24985
24985
24985
25003
25004
25004
25004
25006
25007
25025
25026
25026
25026
25026
25026
25043
25046
25046
25068
25069
25075
25077
25077
25077
25079
25079
25079
25084
25087
25087
25087
25088
25107
25109
25109
25113
25113
25115
25115
25229
25238
25238
25238
25238
25238
25238
25238
25238
25238
25238
25238
25238
25238
25238
25238
25239
25240
25240
25247
25247
25247
25247
25247
25247
25247
25247
25247
25247
25247
25247
25265
25265
25269
25279
25281
25299
25308
25308
25308
25310
25330
25338
25338
25343
25356
25356
25359
25363
25384
25384
25384
25384
25385
25385
25385
25385
25385
25385
25385
25385
25385
25385
25385
25389
25397
25397
25416
25437
25437
25437
25437
25437
25437
25437
25448
25453
25453
25453
25453
25453
25453
25453
25454
25456
25456
25469
25470
25470
25474
25483
25507
25508
25508
25508
25545
25565
25570
25571
25571
25571
25571
25571
25571
25571
25573
25573
25573
25573
25573
25573
25573
25573
25584
25585
25589
25591
25592
25594
25595
25601
25607
25608
25608
25608
25610
25619
25636
25636
25636
25637
25640
25643
25643
25653
25654
25663
25682
25682
25739
25746
25751
25752
25753
25753
25753
25753
25753
25753
25771
25772
25772
25772
25772
25772
25778
25783
25787
25787
25787
25787
25787
25787
25787
25787
25787
25787
25787
25787
25787
25787
25787
25787
25787
25787
25787
25805
25805
25805
25805
25805
25806
25815
25818
25818
25828
25828
25835
25835
25852
25852
25861
25867
25867
25867
25867
25885
25885
25885
25885
25891
25896
25915
25919
25924
25929
25929
25929
25929
25929
25929
25929
25930
25930
25944
25944
25946
25948
25949
25955
25960
25964
25973
25976
25977
25977
25979
25980
25980
25988
26002
26003
26003
26003
26017
26017
26019
26019
26020
26020
26033
26034
26034
26038
26039
26039
26039
26039
26044
26045
26045
26045
26052
26055
26055
26055
26060
26060
26067
26067
26072
26097
26097
26097
26097
26097
26097
26097
26097
26097
26097
26097
26097
26097
26097
26107
26108
26118
26128
26132
26137
26138
26139
26140
26145
26153
26153
26153
26252
26258
26258
26263
26263
26264
26264
26264
26375
26375
26375
26375
26375
26375
26375
26375
26375
26375
26375
26375
26375
26375
26375
26375
26378
26378
26378
26378
26378
26378
26378
26378
26378
26378
26378
26378
26378
26378
26378
26380
26380
26380
26380
26380
26380
26380
26381
26381
26383
26385
26385
26391
26391
26392
26395
26401
26406
26408
26413
26433
26434
26434
26434
26441
26441
26441
26441
26497
26497
26498
26498
26498
26498
26498
26498
26498
26498
26498
26498
26498
26498
26498
26513
26513
26513
26513
26513
26513
26513
26529
26534
26534
26534
26534
26534
26560
26561
26561
26561
26561
26561
26578
26578
26606
26610
26610
26610
26610
26610
26610
26610
26615
26620
26621
26621
26621
26621
26621
26621
26621
26621
26621
26622
26622
26629
26644
26645
26645
26651
26651
26651
26657
26657
26657
26657
26666
26689
26689
26689
26691
26691
26692
26692
26692
26796
26796
26809
26810
26810
26810
26810
26815
26823
26823
26823
26823
26823
26823
26823
26823
26823
26823
26823
26826
26826
26826
26826
26826
26826
26826
26826
26826
26826
26826
26826
26826
26826
26826
26827
26827
26827
26832
26845
26845
26845
26845
26850
26850
26850
26850
26852
26852
26857
26863
26867
26875
26875
26875
26886
26895
26910
26910
26910
26910
26910
26946
26946
26946
26946
26946
26955
26957
26960
26966
26973
26973
26973
26973
26973
26973
26973
26973
26996
26996
26997
26997
26997
26997
27005
27005
27023
27026
27027
27030
27031
27031
27031
27040
27040
27065
27065
27065
27065
27065
27065
27065
27092
27092
27092
27092
27092
27092
27093
27094
27102
27103
27103
27111
27114
27147
27147
27147
27147
27147
27160
27161
27161
27161
27161
27183
27195
27197
27197
27197
27197
27197
27201
27201
27201
27201
27209
27210
27210
27210
27210
27215
27216
27326
27326
27326
27335
27335
27335
27335
27335
27335
27335
27335
27335
27336
27336
27336
27336
27336
27336
27336
27336
27336
27336
27336
27336
27336
27336
27336
27348
27351
27355
27355
27355
27355
27355
27355
27355
27358
27359
27366
27378
27381
27393
27412
27412
27417
27417
27417
27417
27417
27417
27417
27417
27417
27423
27423
27435
27435
27450
27457
27473
27473
27473
27484
27491
27491
27491
27491
27497
27497
27507
27518
27518
27518
27557
27557
27557
27557
27557
27557
27557
27557
27558
27558
27558
27562
27566
27571
27581
27594
27595
27598
27603
27616
27647
27654
27654
27654
27654
27672
27672
27672
27672
27672
27672
27672
27686
27699
27728
27729
27729
27729
27729
27729
27729
27729
27729
27734
27738
27738
27738
27738
27738
27738
27742
27840
27842
27852
27852
27852
27852
27852
27857
27859
27859
27859
27859
27859
27859
27859
27859
27859
27859
27859
27859
27859
27859
27859
27869
27869
27869
27869
27869
27869
27908
27908
27909
27918
27920
27929
27929
27929
27929
27934
27951
27951
27951
27951
27951
27951
27960
27971
27972
27972
27982
27983
27983
27983
27992
27996
27999
28037
28047
28051
28051
28054
28054
28058
28058
28060
28060
28060
28060
28063
28063
28063
28075
28081
28082
28089
28090
28090
28090
28106
28122
28122
28131
28132
28132
28135
28138
28138
28162
28162
28162
28162
28170
28199
28199
28204
28204
28204
28210
28210
28212
28241
28243
28243
28272
28273
28273
28273
28273
28274
28529
28534
28537
28538
28538
28538
28538
28538
28538
28538
28538
28538
28538
28538
28538
28538
28538
28538
28538
28538
28538
28538
28538
28539
28539
28539
28539
28539
28539
28539
28539
28539
28539
28539
28539
28539
28539
28539
28539
28539
28539
28539
28539
28539
28539
28539
28539
28539
28539
28539
28543
28543
28543
28543
28543
28543
28543
28543
28543
28543
28543
28543
28544
28547
28548
28551
28554
28568
28568
28568
28568
28568
28568
28568
28574
28581
28581
28581
28595
28595
28595
28603
28607
28607
28607
28621
28624
28626
28647
28652
28652
28652
28652
28652
28653
28654
28656
28659
28681
28690
28692
28692
28692
28692
28693
28693
28693
28706
28720
28722
28736
28736
28736
28736
28740
28755
28755
28765
28780
28782
28800
28800
28800
28800
28874
28884
28885
28885
28885
28885
28885
28885
28885
28885
28885
28885
28892
28892
28892
28892
28892
28914
28926
28926
28926
28927
28927
28927
28927
28927
28927
28927
28927
28927
28927
28927
28927
28927
28938
28939
28943
28947
28947
28950
28954
28963
28968
28976
28984
28984
28993
28996
28999
29006
29018
29020
29020
29024
29027
29030
29033
29034
29045
29060
29062
29077
29094
29096
29096
29096
29096
29104
29122
29131
29132
29132
29153
29153
29153
29153
29153
29187
29188
29195
29196
29196
29196
29196
29196
29199
29199
29200
29206
29225
29232
29233
29233
29234
29239
29239
29239
29239
29250
29252
29254
29265
29265
29349
29352
29412
29439
29439
29439
29440
29440
29440
29440
29440
29440
29440
29440
29440
29440
29440
29440
29444
29444
29444
29444
29444
29444
29444
29444
29444
29444
29445
29445
29471
29473
29473
29502
29522
29527
29531
29531
29531
29531
29532
29532
29532
29543
29560
29563
29563
29565
29565
29565
29565
29583
29590
29592
29592
29592
29592
29592
29624
29624
29624
29624
29624
29624
29625
29625
29626
29626
29626
29626
29626
29626
29632
29634
29634
29645
29647
29647
29653
29654
29654
29654
29654
29655
29720
29721
29721
29721
29721
29721
29721
29721
29721
29721
29721
29721
29761
29761
29761
29761
29761
29761
29761
29761
29762
29762
29762
29762
29762
29781
29783
29787
29787
29787
29796
29796
29803
29803
29803
29803
29805
29807
29835
29837
29837
29837
29837
29837
29837
29925
29929
29929
29929
29929
29929
29929
29929
29935
29935
29935
29935
29935
29935
29935
29935
29935
29937
29939
29939
29939
29939
29939
29939
29939
29943
29944
29953
29953
29955
29955
29955
29956
29956
29956
29956
29962
29971
29973
29973
29982
29982
29982
29982
29993
29993
30015
30024
30026
30026
30026
30026
30028
30028
30031
30033
30036
30040
30040
30055
30055
30081
30081
30081
30081
30089
30092
30092
30094
30109
30116
30122
30122
30122
30122
30122
30124
30125
30125
30138
30145
30145
30145
30145
30145
30185
30188
30189
30191
30191
30194
30194
30194
30194
30194
30194
30194
30203
30209
30222
30222
30227
30230
30231
30231
30238
30238
30254
30255
30255
30255
30259
30266
30266
30266
30266
30266
30275
30311
30311
30311
30311
30314
30314
30336
30336
30336
30337
30345
30367
30376
30376
30376
30376
30376
30376
30376
30447
30455
30468
30468
30468
30493
30493
30493
30493
30493
30493
30493
30493
30493
30502
30504
30504
30504
30504
30504
30504
30504
30504
30504
30504
30504
30505
30512
30515
30515
30519
30519
30519
30519
30519
30519
30533
30541
30541
30541
30541
30541
30541
30555
30563
30563
30563
30563
30563
30563
30563
30563
30563
30563
30563
30563
30574
30584
30585
30591
30602
30612
30613
30613
30615
30629
30649
30652
30652
30652
30773
30773
30773
30773
30773
30773
30773
30773
30773
30774
30774
30780
30780
30781
30781
30781
30781
30781
30782
30790
30792
30792
30792
30792
30792
30792
30792
30792
30799
30799
30799
30799
30802
30802
30804
30815
30816
30826
30832
30832
30832
30839
30853
30873
30873
30874
30874
30985
30993
30996
30996
30996
30997
30997
30997
30997
30997
30997
30997
30997
30997
30997
30997
30997
30997
30997
31004
31010
31016
31019
31019
31024
31024
31024
31024
31038
31038
31038
31038
31038
31038
31043
31044
31056
31056
31059
31070
31070
31090
31100
31100
31103
31105
31160
31161
31161
31161
31161
31161
31161
31161
31161
31161
31161
31162
31180
31180
31180
31189
31198
31199
31199
31200
31220
31225
31243
31243
31243
31243
31247
31247
31247
31247
31288
31288
31288
31302
31303
31303
31303
31303
31303
31303
31312
31316
31316
31316
31316
31316
31319
31332
31332
31336
31336
31348
31348
31348
31348
31357
31365
31365
31379
31379
31385
31387
31388
31388
31415
31417
31422
31423
31423
31508
31508
31508
31543
31545
31546
31546
31546
31559
31561
31561
31561
31561
31561
31561
31561
31561
31561
31561
31561
31561
31561
31561
31561
31561
31561
31561
31561
31561
31574
31580
31580
31580
31580
31580
31581
31582
31605
31607
31608
31621
31621
31621
31621
31621
31621
31631
31638
31639
31639
31639
31653
31655
31661
31667
31667
31686
31691
31692
31699
31714
31719
31719
31719
31719
31719
31756
31756
31756
31756
31756
31756
31756
31762
31767
31769
31769
31769
31769
31769
31807
31823
31823
31823
31823
31823
31823
31823
31823
31823
31830
31830
31830
31830
31830
31839
31864
31864
31864
31864
31864
31864
31867
31881
31885
31885
31885
31895
31900
31905
31905
31905
31905
31919
31919
31948
31951
32032
32034
32036
32036
32036
32036
32036
32036
32036
32042
32046
32050
32050
32050
32050
32050
32050
32050
32050
32050
32050
32050
32050
32050
32050
32050
32050
32050
32050
32058
32058
32058
32058
32058
32070
32070
32070
32081
32081
32082
32107
32108
32110
32110
32116
32133
32133
32134
32134
32134
32137
32142
32145
32155
32155
32155
32155
32163
32169
32187
32197
32214
32214
32214
32214
32229
32230
32230
32230
32230
32230
32231
32231
32232
32232
32232
32241
32241
32241
32251
32256
32265
32277
32277
32277
32277
32284
32284
32315
32318
32323
32323
32323
32323
32323
32323
32323
32330
32350
32350
32350
32350
32350
32350
32354
32384
32384
32384
32419
32425
32425
32425
32425
32427
32427
32427
32427
32427
32427
32447
32453
32453
32453
32461
32463
32463
32463
32463
32463
32554
32555
32555
32555
32555
32555
32560
32570
32737
32738
32738
32738
32738
32738
32738
32744
32750
32752
32752
32753
32753
32753
32753
32753
32753
32765
32765
32765
32765
32765
32765
32765
32765
32765
32765
32765
32765
32765
32765
32765
32765
32765
32765
32765
32765
32765
32765
32765
32765
32765
32765
32765
32765
32765
32765
32765
32765
32768
32770
32770
32770
32770
32770
32770
32790
32790
32790
32790
32790
32790
32790
32799
32823
32839
32839
32839
32850
32852
32852
32852
32852
32852
32852
32852
32852
32865
32865
32865
32873
32879
32879
32880
32880
32882
32883
32894
32894
32920
32924
32925
32925
32925
32925
32925
32925
32937
32937
32939
32939
32939
32950
32952
32952
32963
32968
32968
32968
32968
32975
33246
33246
33246
33246
33246
33246
33246
33246
33246
33246
33246
33246
33246
33246
33246
33246
33246
33246
33246
33246
33248
33248
33248
33248
33248
33248
33248
33248
33248
33248
33251
33251
33251
33251
33251
33251
33251
33251
33251
33252
33252
33252
33252
33252
33252
33252
33252
33252
33252
33252
33252
33252
33252
33252
33252
33252
33252
33252
33252
33252
33252
33252
33252
33252
33252
33252
33253
33253
33253
33253
33253
33253
33327
33327
33327
33327
33327
33327
33327
33327
33327
33328
33328
33328
33328
33328
33328
33328
33328
33332
33336
33338
33338
33346
33346
33346
33346
33352
33352
33352
33356
33367
33367
33393
33401
33406
33406
33406
33408
33408
33421
33425
33426
33429
33439
33444
33449
33449
33462
33465
33469
33469
33492
33492
33492
33492
33492
33492
33492
33492
33609
33609
33627
33629
33629
33629
33629
33629
33629
33640
33641
33641
33641
33641
33646
33649
33654
33654
33654
33654
33654
33654
33654
33654
33654
33654
33654
33654
33654
33654
33654
33655
33655
33655
33655
33655
33655
33655
33655
33655
33655
33655
33656
33656
33674
33674
33674
33674
33679
33680
33693
33724
33727
33727
33727
33727
33727
33727
33730
33730
33742
33743
33743
33743
33743
33748
33752
33757
33757
33766
33766
33807
33809
33809
33809
33809
33809
33809
33809
33809
33810
33810
33810
33815
33816
33824
33824
33824
33824
33826
33855
33855
33855
33855
33855
33855
33855
33861
33872
33878
33897
33900
33929
33931
33931
33931
33931
33931
33931
33931
33931
33931
33940
33940
33940
33957
33957
33959
33962
33962
33963
33964
33968
33968
33986
33988
34021
34033
34046
34046
34046
34046
34046
34046
34046
34046
34046
34046
34117
34255
34256
34256
34256
34256
34256
34256
34256
34256
34256
34256
34256
34256
34256
34256
34256
34256
34256
34256
34256
34256
34256
34256
34256
34257
34257
34257
34257
34257
34257
34257
34257
34257
34257
34257
34257
34257
34257
34257
34257
34257
34257
34257
34257
34257
34257
34257
34257
34257
34257
34257
34257
34257
34257
34257
34257
34257
34257
34257
34257
34257
34360
34360
34563
34564
34564
34564
34564
34564
34564
34564
34575
34575
34575
34575
34575
34575
34575
34575
34575
34575
34575
34575
34575
34575
34575
34575
34575
34575
34575
34575
34575
34575
34575
34575
34575
34575
34575
34576
34576
34576
34576
34576
34576
34576
34576
34576
34576
34576
34576
34576
34576
34576
34576
34576
34576
34576
34576
34576
34576
34576
34576
34576
34576
34576
34576
34576
34576
34576
34576
34576
34576
34576
34576
34577
34577
34577
34577
34577
34577
34577
34662
34662
34662
35245
35245
35245
35245
35245
35245
35251
35252
35252
35252
35252
35252
35252
35252
35252
35252
35252
35252
35252
35253
35253
35253
35253
35253
35253
35253
35253
35253
35253
35253
35253
35253
35253
35253
35253
35254
35254
35254
35254
35254
35254
35254
35256
35257
35257
35257
35259
35259
35259
35259
35259
35259
35259
35259
35259
35259
35259
35259
35259
35259
35259
35259
35259
35259
35259
35259
35259
35259
35259
35259
35259
35259
35259
35263
35263
35263
35263
35263
35263
35263
35263
35263
35279
35279
35279
35279
35283
35283
35300
35300
35316
35317
35317
35317
35321
35322
35325
35325
35325
35325
35332
35335
35345
36255
36255
36256
36256
36256
36256
36256
36256
36259
36259
36259
36259
36259
36259
36259
36259
36259
36259
36259
36259
36259
36260
36260
36260
36260
36260
36260
36260
36260
36260
36260
36260
36260
36260
36260
36260
36261
36261
36261
36261
36261
36261
36261
36261
36261
36261
36261
36261
36261
36261
36261
36261
36261
36261
36261
36261
36261
36262
36269
36271
36271
36271
36271
36271
36271
36271
36271
36271
36271
36271
36271
36271
36271
36271
36274
36274
36274
36274
36274
36274
36274
36274
36274
36274
36274
36274
36274
36274
36274
36274
36274
36274
36276
36276
36276
36276
36276
36276
36277
36277
36277
36277
36277
36277
36277
36277
36277
36277
36277
36277
36277
36277
36277
36277
36277
36277
36277
36277
36277
36277
36277
36277
36277
36277
36277
36277
36277
36277
36277
36277
36284
36286
36286
36286
36286
36286
36286
36286
36286
36286
36286
36286
36286
36286
36286
36286
36286
36302
36306
36308
36310
36314
36314
36314
36314
36314
36314
36314
36314
36314
36314
36314
36314
36314
36314
36314
36314
36314
36314
36314
36314
36314
36315
36315
36315
36315
36315
36315
36315
36315
36315
36315
36315
36315
36315
36315
36315
36317
36317
36317
36317
36317
36317
36317
36317
36317
36317
36317
36328
36328
36328
36328
36336
36339
36342
36354
36354
36354
36385
36386
36386
36395
36395
36395
36395
36404
36414
36422
36435
36436
36436
36436
36436
36436
36436
36436
36460
36461
36461
36461
36468
36468
36468
36489
36489
36489
36489
36489
36491
36496
36503
36504
36504
36505
36505
36505
36508
36510
36517
36534
36534
36535
36537
36546
36546
36546
36553
36553
36575
36575
36575
36580
36580
36580
36580
36612
36627
36630
36634
36637
36637
36637
36637
36637
36637
36637
36637
36637
36650
36664
36685
36685
36752
36754
36768
36769
36770
36774
36775
36775
36775
36775
36775
36775
36775
36775
36775
36775
36776
36776
36776
36776
36776
36776
36776
36776
36776
36777
36778
36793
36793
36794
36802
36807
36818
36818
36818
36823
36832
36834
36834
36834
36841
36842
36847
36859
36861
36862
36862
36862
36905
36908
36908
36908
36908
36908
36923
36926
36926
36926
36926
36926
36932
36953
36953
36953
36969
36971
36971
36971
36986
36986
36986
36986
36994
37016
37016
37016
37016
37016
37016
37016
37032
37055
37056
37056
37056
37056
37057
37066
37071
37071
37071
37071
37103
37120
37126
37126
37126
37126
37126
37126
37134
37134
37157
37157
37157
37157
37157
37166
37166
37166
37166
37166
37168
37168
37175
37328
37330
37330
37330
37331
37331
37331
37334
37334
37334
37334
37334
37334
37334
37334
37334
37334
37334
37334
37334
37334
37334
37334
37334
37334
37334
37334
37334
37334
37334
37334
37334
37335
37335
37335
37335
37335
37335
37337
37342
37343
37367
37368
37368
37368
37369
37380
37380
37386
37387
37424
37433
37436
37436
37436
37436
37436
37436
37450
37461
37461
37461
37479
37515
37517
37517
37517
37517
37517
37517
37517
37517
37517
37517
37517
37517
37517
37522
37522
37522
37538
37538
37553
37563
37567
37567
37567
37567
37567
37571
37591
37592
37592
37592
37597
37597
37597
37597
37597
37607
37637
37638
37638
37638
37638
37669
37700
37700
37700
37700
37700
37700
37700
37700
37700
37700
37704
37704
37704
37802
37803
37811
37811
37811
37811
37811
37811
37811
37811
37815
37815
37819
37819
37819
37819
37819
37819
37819
37819
37819
37819
37819
37819
37821
37821
37821
37821
37821
37821
37832
37844
37855
37856
37856
37856
37856
37856
37856
37864
37876
37876
37876
37876
37881
37881
37881
37887
37896
37899
37905
37950
37950
37950
37950
37950
37951
37961
37961
37961
37961
37961
37961
37961
37964
37984
37984
37985
37985
37985
38027
38037
38037
38037
38037
38037
38037
38037
38037
38037
38037
38043
38058
38060
38062
38062
38062
38063
38064
38064
38064
38076
38076
38076
38086
38090
38105
38106
38106
38106
38106
38117
38122
38123
38129
38130
38130
38133
38134
38135
38140
38140
38152
38152
38157
38164
38164
38173
38188
38210
38217
38226
38227
38230
38233
38233
38233
38233
38233
38321
38331
38331
38331
38351
38353
38353
38353
38353
38353
38353
38353
38353
38353
38353
38353
38353
38353
38353
38353
38353
38353
38354
38364
38364
38364
38364
38364
38364
38366
38371
38371
38378
38379
38380
38381
38381
38399
38404
38405
38405
38405
38405
38421
38440
38440
38440
38440
38440
38481
38481
38481
38481
38481
38484
38490
38491
38491
38496
38497
38497
38497
38497
38508
38523
38525
38525
38525
38525
38525
38532
38533
38540
38549
38572
38579
38581
38584
38586
38586
38586
38586
38586
38616
38627
38641
38648
38648
38648
38648
38648
38648
38648
38648
38648
38648
38648
38648
38648
38648
38651
38656
38656
38656
38666
38679
38685
38691
38692
38692
38702
38702
38702
38702
38719
38722
38722
38722
38722
38738
38738
38738
38741
38741
38741
38753
38753
38841
38852
38852
38852
38852
38852
38852
38852
38852
38852
38853
38856
38856
38857
38857
38857
38857
38857
38857
38857
38875
38883
38892
38902
38906
38906
38906
38906
38906
38906
38906
38906
38906
38906
38906
38913
38920
38920
38923
38924
38924
38924
38931
38933
38943
38952
38954
38955
38981
38991
38991
38991
38991
38991
39012
39012
39012
39012
39019
39022
39025
39027
39030
39030
39039
39041
39052
39058
39061
39072
39078
39084
39089
39089
39118
39118
39118
39118
39121
39121
39125
39135
39141
39148
39149
39150
39164
39164
39171
39177
39177
39177
39184
39191
39195
39195
39201
39211
39218
39229
39237
39244
39260
39267
39274
39367
39382
39388
39388
39388
39388
39388
39388
39389
39389
39389
39389
39389
39389
39389
39389
39391
39391
39391
39391
39400
39419
39420
39420
39420
39420
39420
39427
39450
39460
39460
39460
39460
39460
39463
39463
39463
39476
39477
39477
39491
39495
39507
39515
39518
39518
39535
39536
39536
39536
39536
39536
39541
39553
39553
39555
39555
39555
39576
39576
39576
39576
39584
39584
39601
39638
39649
39661
39661
39661
39661
39661
39674
39675
39675
39675
39681
39682
39682
39682
39682
39682
39701
39711
39711
39711
39711
39711
39727
39731
39733
39733
39734
39735
39748
39751
39753
39756
39757
39757
39765
39784
39795
39796
39798
39807
39809
39814
39814
39814
39820
39887
39910
39912
39912
39912
39912
39912
39924
39937
39937
39937
39937
39937
39937
39942
39942
39942
39942
39942
39942
39942
39942
39942
39942
39942
39942
39942
39942
39942
39945
39945
39945
39946
39952
39960
39970
39983
39992
39999
40000
40000
40000
40000
40004
40004
40035
40036
40042
40042
40045
40045
40052
40054
40062
40066
40080
40080
40083
40083
40085
40096
40096
40096
40107
40142
40148
40153
40161
40161
40161
40161
40161
40161
40174
40174
40180
40181
40181
40190
40201
40201
40210
40212
40230
40230
40230
40234
40285
40295
40297
40297
40297
40297
40297
40304
40311
40329
40334
40336
40338
40340
40340
40438
40444
40444
40444
40444
40444
40444
40444
40444
40446
40447
40447
40456
40456
40461
40462
40462
40462
40462
40462
40462
40462
40462
40463
40463
40463
40463
40463
40464
40464
40464
40464
40471
40471
40474
40479
40485
40487
40490
40495
40496
40504
40511
40525
40533
40533
40534
40534
40546
40546
40549
40555
40560
40567
40567
40578
40582
40588
40597
40614
40626
40626
40637
40668
40668
40668
40668
40669
40669
40669
40669
40669
40669
40673
40675
40687
40687
40692
40692
40700
40701
40701
40711
40711
40711
40718
40718
40739
40740
40740
40740
40750
40768
40769
40769
40769
40769
40769
40769
40791
40791
40791
40791
40791
40791
40791
40796
40796
40804
40812
40815
40815
40815
40825
40838
40842
40842
40854
40860
40860
40860
40860
41076
41076
41076
41076
41076
41076
41076
41076
41076
41076
41076
41076
41076
41076
41076
41076
41076
41076
41076
41076
41076
41076
41076
41076
41076
41076
41076
41076
41076
41076
41076
41077
41077
41077
41077
41077
41077
41077
41077
41077
41077
41077
41077
41077
41077
41077
41077
41077
41077
41077
41077
41081
41087
41087
41089
41244
41245
41245
41245
41245
41245
41245
41245
41245
41245
41245
41245
41245
41245
41246
41246
41246
41246
41246
41246
41246
41246
41246
41246
41246
41246
41246
41246
41247
41247
41247
41247
41247
41247
41247
41247
41247
41247
41250
41254
41255
41259
41263
41263
41271
41393
41393
41393
41393
41393
41394
41394
41394
41394
41394
41394
41394
41394
41394
41394
41394
41394
41394
41394
41394
41394
41394
41394
41394
41464
41470
41470
41470
41470
41470
41470
41470
41470
41488
41488
41488
41488
41488
41488
41488
41502
41502
41514
41524
41532
41532
41533
41541
41560
41564
41601
41601
41601
41601
41601
41601
41616
41623
41632
41650
41653
41653
41660
41660
41660
41675
41676
41678
41679
41679
41687
41691
41701
41722
41735
41743
41743
41743
41743
41743
41743
41743
41743
41743
41743
41743
41761
41761
41761
41761
41761
41762
41766
41798
41805
41826
41831
41831
41831
41831
41831
41831
41831
41831
41831
41831
41853
41853
41853
41853
41864
41876
41888
41888
41888
41891
41891
41891
41993
41996
42004
42004
42004
42008
42019
42034
42048
42048
42048
42048
42048
42048
42048
42062
42066
42066
42066
42066
42066
42066
42072
42073
42073
42073
42073
42073
42073
42073
42073
42073
42073
42082
42084
42084
42084
42105
42112
42112
42112
42128
42135
42136
42150
42151
42151
42151
42151
42152
42152
42152
42152
42152
42165
42166
42167
42180
42181
42188
42192
42195
42204
42204
42215
42215
42222
42227
42227
42227
42265
42272
42273
42273
42273
42273
42273
42273
42285
42285
42307
42330
42330
42331
42331
42386
42394
42394
42394
42394
42394
42394
42410
42412
42412
42412
42412
42439
42441
42452
42452
42452
42452
42463
42467
42467
42467
42531
42531
42551
42551
42552
42552
42552
42552
42552
42552
42552
42552
42552
42552
42552
42552
42552
42552
42552
42552
42552
42561
42563
42579
42580
42580
42593
42594
42607
42621
42621
42711
42754
42761
42767
42767
42767
42767
42767
42767
42767
42767
42767
42767
42767
42767
42768
42768
42768
42768
42768
42768
42768
42768
42768
42768
42768
42768
42768
42768
42768
42768
42768
42768
42786
42790
42790
42795
42796
42804
42811
42823
42823
42840
42840
42840
42862
42862
42862
42862
42862
42862
42862
42876
42904
42904
42904
42904
42905
42905
42908
42915
42925
42925
42925
42925
42932
42933
42947
42947
42952
42963
42977
42981
42988
43003
43010
43042
43138
43140
43140
43140
43140
43140
43140
43140
43140
43140
43140
43143
43143
43143
43143
43143
43143
43143
43143
43143
43143
43143
43143
43143
43143
43143
43143
43143
43143
43143
43143
43146
43159
43162
43166
43175
43176
43183
43191
43191
43191
43191
43191
43210
43210
43210
43226
43226
43226
43226
43226
43226
43226
43226
43236
43237
43237
43237
43243
43270
43289
43294
43297
43309
43325
43336
43336
43337
43337
43337
43338
43338
43342
43349
43350
43350
43359
43360
43377
43393
43402
43402
43402
43402
43402
43430
43432
43434
43435
43435
43435
43435
43452
43455
43455
43456
43474
43485
43485
43485
43495
43500
43500
43500
43514
43518
43581
43596
43596
43596
43596
43596
43596
43596
43596
43596
43620
43633
43645
43646
43649
43649
43649
43649
43649
43649
43649
43649
43649
43649
43652
43671
43674
43674
43674
43674
43674
43674
43686
43686
43690
43690
43690
43690
43690
43700
43712
43715
43715
43738
43752
43752
43753
43753
43753
43753
43753
43753
43753
43758
43763
43773
43777
43780
43792
43809
43817
43817
43817
43817
43817
43817
43817
43817
43817
43827
43839
43852
43852
43852
43868
43870
43879
43879
43879
43879
43888
43890
43890
43890
43892
43892
43914
43914
43914
43914
43914
43914
43914
43914
43957
43966
43968
43968
43968
43968
43968
43968
43974
43974
43974
43974
43996
43996
43996
43996
43996
43996
43996
43996
44096
44103
44104
44104
44104
44104
44104
44104
44121
44121
44121
44121
44121
44121
44121
44122
44122
44122
44122
44122
44122
44122
44122
44122
44122
44122
44122
44127
44128
44128
44128
44128
44128
44128
44128
44130
44133
44142
44154
44154
44154
44154
44154
44169
44169
44188
44197
44197
44197
44197
44198
44203
44203
44208
44210
44211
44217
44226
44226
44233
44233
44233
44242
44242
44242
44242
44243
44273
44273
44273
44273
44273
44273
44273
44282
44282
44295
44301
44320
44321
44321
44321
44327
44345
44345
44351
44353
44354
44364
44370
44373
44373
44374
44375
44380
44404
44405
44412
44412
44412
44412
44412
44415
44456
44459
44460
44460
44460
44460
44461
44461
44461
44461
44461
44470
44470
44470
44470
44470
44470
44485
44485
44485
44485
44485
44492
44492
44492
44503
44503
44503
44503
44503
44515
44515
44523
44531
44538
44538
44538
44630
44636
44650
44651
44651
44651
44651
44652
44652
44652
44658
44658
44658
44658
44658
44658
44658
44659
44660
44660
44660
44660
44660
44660
44661
44661
44661
44661
44661
44662
44662
44662
44662
44662
44662
44662
44669
44670
44670
44671
44672
44680
44682
44682
44682
44689
44689
44689
44704
44705
44713
44713
44713
44713
44718
44721
44753
44754
44754
44755
44755
44764
44764
44765
44765
44765
44822
44824
44824
44826
44832
44832
44832
44832
44832
44832
44832
44832
44832
44832
44832
44851
44851
44852
44856
44856
44856
44856
44857
44857
44870
44871
44871
44931
44931
44931
44931
44931
44931
44931
44931
44931
44943
44943
44943
44943
44943
44943
44943
44943
44951
44951
44951
44951
44951
44951
44961
44961
44961
44968
44968
44968
44974
44989
44989
44989
44989
44989
44989
44989
45005
45020
45039
45039
45039
45039
45046
45047
45049
45049
45049
45049
45164
45187
45187
45187
45187
45188
45189
45189
45189
45189
45189
45189
45189
45193
45195
45195
45195
45195
45195
45202
45207
45207
45207
45207
45207
45207
45207
45207
45207
45207
45207
45217
45218
45218
45221
45230
45231
45231
45239
45241
45241
45245
45248
45254
45273
45278
45278
45278
45279
45284
45284
45290
45291
45291
45301
45301
45317
45317
45320
45320
45328
45328
45342
45342
45355
45359
45361
45363
45366
45383
45386
45386
45386
45386
45386
45386
45398
45398
45409
45409
45410
45429
45429
45437
45448
45450
45453
45457
45461
45474
45474
45480
45480
45480
45483
45485
45512
45512
45512
45512
45512
45512
45512
45513
45516
45552
45556
45556
45556
45556
45569
45569
45671
45671
45691
45700
45703
45704
45704
45704
45704
45704
45704
45704
45704
45704
45704
45704
45704
45704
45704
45704
45704
45704
45704
45704
45704
45704
45704
45704
45704
45704
45704
45704
45724
45729
45736
45736
45736
45754
45755
45755
45758
45761
45763
45763
45763
45763
45763
45771
45771
45771
45801
45801
45801
45801
45801
45801
45801
45815
45815
45815
45815
45815
45821
45821
45830
45832
45832
45833
45847
45856
45857
45857
45857
45861
45861
45863
45866
45871
45873
45878
45878
45888
45888
45911
45914
45914
45914
45930
45930
45961
45961
45961
45961
45961
45961
45972
45978
45978
45980
45980
45980
45980
45981
45981
45993
45993
45993
45993
45993
46018
46018
46018
46018
46031
46032
46032
46033
46033
46041
46047
46058
46070
46070
46070
46085
46085
46085
46085
46189
46190
46190
46190
46190
46190
46190
46193
46193
46195
46195
46195
46195
46195
46195
46195
46195
46195
46195
46206
46214
46214
46215
46218
46219
46219
46219
46219
46219
46219
46225
46225
46225
46238
46240
46240
46240
46260
46270
46277
46277
46281
46282
46282
46284
46286
46286
46286
46299
46300
46300
46300
46306
46307
46313
46318
46329
46329
46339
46340
46340
46343
46343
46344
46361
46363
46368
46368
46371
46376
46378
46388
46389
46389
46393
46432
46450
46459
46459
46459
46459
46459
46459
46464
46464
46464
46467
46472
46472
46472
46472
46473
46473
46500
46505
46508
46508
46508
46508
46508
46508
46508
46508
46515
46519
46527
46527
46551
46560
46560
46560
46560
46568
46576
46589
46590
46591
46591
46591
46591
46591
46591
46717
46717
46717
46717
46717
46717
46717
46717
46717
46717
46718
46718
46718
46718
46718
46718
46719
46719
46719
46719
46719
46719
46719
46719
46722
46728
46728
46732
46763
46772
46773
46775
46792
46806
46811
46812
46841
46841
46841
46841
46845
46848
46851
46856
46856
46885
46886
46887
46887
46887
46894
46894
46908
46910
46914
46923
46927
46938
46939
46951
46952
46952
46964
46964
46968
46985
46990
46998
47017
47026
47026
47026
47034
47034
47034
47034
47058
47059
47059
47059
47069
47072
47075
47084
47092
47103
47110
47116
47122
47130
47136
47138
47143
47144
47144
47234
47240
47241
47241
47242
47242
47242
47242
47242
47242
47242
47242
47242
47242
47242
47242
47242
47242
47243
47247
47257
47258
47277
47283
47283
47283
47283
47301
47314
47315
47315
47326
47336
47336
47346
47354
47354
47354
47368
47372
47375
47379
47385
47395
47395
47402
47410
47411
47423
47431
47438
47451
47451
47478
47480
47480
47480
47480
47480
47480
47480
47514
47518
47531
47531
47538
47539
47539
47539
47540
47541
47541
47553
47567
47586
47586
47586
47586
47586
47586
47586
47587
47613
47613
47613
47613
47627
47629
47640
47640
47640
47640
47640
47645
47654
47654
47664
47765
47765
47765
47775
47775
47788
47789
47789
47789
47789
47789
47789
47789
47789
47789
47789
47789
47789
47789
47789
47789
47789
47789
47789
47789
47791
47802
47812
47817
47819
47829
47829
47829
47845
47851
47853
47853
47853
47853
47853
47855
47861
47861
47861
47861
47880
47911
47911
47911
47911
47911
47911
47911
47911
47911
47924
47926
47928
47928
47935
47936
47937
47939
47939
47962
47964
47964
47964
47964
47972
47973
47973
47973
47973
47976
47982
47986
47991
47991
47991
47991
47994
47997
48000
48011
48020
48027
48028
48028
48028
48029
48029
48037
48037
48042
48047
48051
48051
48060
48063
48069
48069
48076
48076
48077
48080
48090
48090
48090
48091
48097
48099
48100
48100
48100
48100
48106
48119
48126
48127
48129
48133
48135
48146
48152
48156
48156
48156
48156
48156
48172
48173
48173
48173
48173
48182
48188
48188
48284
48302
48302
48302
48302
48302
48302
48302
48302
48302
48302
48302
48302
48304
48304
48304
48304
48304
48304
48304
48304
48304
48304
48334
48341
48345
48347
48347
48347
48347
48347
48347
48348
48348
48348
48358
48360
48366
48367
48367
48371
48382
48391
48392
48393
48405
48405
48408
48409
48409
48410
48416
48425
48434
48437
48452
48452
48452
48452
48481
48484
48488
48495
48497
48498
48503
48503
48533
48536
48536
48538
48538
48538
48538
48538
48538
48538
48538
48538
48538
48545
48547
48557
48558
48572
48576
48576
48578
48578
48579
48579
48579
48592
48603
48604
48604
48604
48607
48640
48640
48640
48668
48673
48685
48685
48685
48685
48685
48701
48702
48702
48702
48702
48702
48713
48714
48714
48814
48814
48814
48815
48815
48815
48835
48835
48835
48835
48835
48835
48835
48835
48835
48836
48836
48836
48836
48836
48836
48839
48839
48839
48845
48861
48862
48862
48869
48870
48895
48899
48899
48899
48899
48902
48903
48921
48923
48928
48944
48947
48948
48957
48962
48965
48966
48971
48972
48986
48989
48989
48990
49002
49002
49002
49002
49002
49036
49041
49042
49042
49042
49042
49042
49049
49052
49052
49057
49057
49065
49069
49074
49078
49087
49088
49088
49099
49119
49120
49120
49120
49120
49131
49131
49133
49140
49146
49146
49146
49157
49165
49166
49178
49193
49198
49198
49208
49208
49235
49237
49327
49330
49330
49330
49330
49330
49330
49332
49355
49365
49365
49365
49365
49365
49365
49387
49387
49387
49387
49387
49387
49387
49387
49387
49387
49387
49387
49387
49387
49393
49393
49393
49398
49398
49398
49409
49409
49409
49424
49424
49424
49474
49475
49475
49475
49475
49475
49476
49476
49481
49481
49481
49492
49496
49501
49508
49508
49515
49521
49527
49527
49542
49563
49590
49599
49600
49601
49601
49601
49601
49601
49601
49601
49601
49601
49601
49601
49601
49603
49611
49616
49626
49629
49629
49637
49637
49646
49672
49692
49693
49693
49693
49701
49709
49710
49710
49710
49710
49721
49724
49736
49736
49739
49739
49746
49749
49750
49754
49855
49855
49857
49857
49862
49862
49862
49862
49863
49863
49863
49863
49863
49863
49863
49863
49863
49863
49863
49863
49863
49863
49863
49863
49863
49871
49872
49873
49882
49898
49898
49909
49909
49909
49928
49963
49963
49963
49963
49964
49965
49967
49975
49975
49975
49989
49989
49989
49989
49989
49990
50004
50007
50013
50013
50013
50013
50021
50034
50034
50034
50034
50043
50057
50061
50061
50061
50061
50061
50063
50067
50067
50074
50075
50082
50089
50093
50109
50109
50109
50113
50113
50121
50142
50156
50167
50167
50167
50167
50167
50167
50167
50167
50167
50195
50200
50200
50200
50200
50200
50203
50207
50208
50217
50221
50230
50236
50243
50243
50243
50244
50245
50248
50251
50258
50258
50265
50282
50540
50543
50543
50543
50543
50543
50543
50543
50543
50543
50543
50543
50543
50543
50543
50543
50543
50543
50543
50543
50543
50543
50543
50543
50543
50543
50543
50544
50544
50544
50544
50544
50544
50544
50544
50545
50545
50545
50545
50545
50546
50546
50553
50553
50553
50553
50553
50553
50553
50554
50567
50569
50569
50569
50569
50584
50589
50590
50594
50596
50596
50605
50605
50610
50628
50629
50629
50629
50629
50629
50652
50661
50661
50661
50671
50671
50676
50677
50685
50689
50694
50695
50716
50718
50718
50718
50724
50724
50747
50747
50747
50747
50749
50749
50753
50770
50770
50780
50790
50795
50795
50795
50812
50812
50894
50900
50900
50900
50901
50901
50901
50901
50919
50919
50927
50927
50927
50928
50928
50928
50928
50928
50928
50937
50944
50944
50944
50944
50944
50947
50947
50950
50963
50966
50966
50972
50993
50996
50996
51002
51002
51002
51002
51016
51016
51016
51027
51029
51034
51044
51069
51070
51070
51070
51070
51081
51081
51081
51082
51094
51111
51111
51115
51115
51117
51117
51131
51139
51139
51139
51139
51148
51156
51161
51161
51171
51173
51185
51189
51208
51229
51236
51236
51236
51253
51253
51253
51259
51259
51259
51263
51264
51265
51275
51279
51279
51284
51289
51296
51296
51296
51302
51305
51342
51342
51342
51342
51434
51439
51439
51439
51439
51439
51439
51439
51439
51439
51439
51439
51440
51446
51448
51448
51448
51448
51448
51448
51448
51448
51468
51468
51468
51471
51475
51492
51497
51500
51515
51518
51524
51536
51549
51554
51565
51571
51571
51571
51586
51586
51586
51595
51597
51599
51623
51623
51623
51623
51623
51623
51651
51678
51678
51678
51678
51679
51679
51679
51686
51686
51686
51688
51691
51714
51715
51715
51726
51742
51744
51744
51744
51752
51763
51773
51775
51775
51775
51775
51803
51807
51807
51807
51807
51822
51824
51832
51836
51837
51837
51854
51858
51859
51859
51859
51859
51859
51952
51952
51953
51953
51953
51953
51953
51953
51953
51953
51953
51953
52024
52024
52024
52024
52024
52024
52024
52024
52024
52024
52024
52025
52025
52025
52025
52025
52025
52025
52025
52025
52025
52042
52051
52051
52059
52073
52073
52073
52073
52075
52080
52084
52086
52104
52104
52104
52104
52121
52125
52127
52127
52140
52144
52155
52159
52159
52159
52163
52163
52163
52176
52184
52184
52184
52184
52184
52194
52195
52203
52203
52207
52211
52211
52223
52228
52230
52236
52247
52247
52248
52250
52260
52260
52271
52282
52282
52282
52282
52290
52294
52307
52307
52312
52317
52317
52319
52322
52333
52340
52348
52363
52363
52363
52363
52365
52368
52371
52375
52375
52499
52499
52499
52499
52499
52499
52499
52499
52499
52499
52499
52499
52499
52499
52499
52499
52499
52499
52499
52499
52499
52499
52499
52499
52499
52499
52499
52499
52500
52500
52500
52522
52522
52522
52522
52531
52548
52548
52548
52548
52548
52552
52552
52552
52552
52552
52552
52552
52552
52552
52552
52556
52565
52582
52595
52595
52602
52602
52608
52631
52635
52635
52636
52636
52636
52668
52670
52670
52673
52673
52677
52689
52693
52693
52693
52859
52859
52859
52859
52859
52859
52859
52859
52859
52859
52859
52859
52859
52859
52859
52859
52859
52859
52859
52859
52859
52859
52859
52859
52859
52861
52861
52861
52861
52861
52861
52861
52861
52861
52861
52861
52861
52861
52861
52861
52861
52861
52861
52861
52861
52861
52871
52893
52896
52899
52899
52899
52899
52899
52899
52899
52899
52899
52903
52904
52904
52998
53001
53001
53001
53001
53001
53001
53001
53001
53001
53001
53001
53001
53001
53015
53017
53017
53017
53017
53027
53027
53027
53027
53027
53056
53065
53073
53073
53073
53073
53073
53080
53090
53090
53090
53122
53122
53122
53122
53122
53122
53122
53133
53139
53140
53140
53140
53140
53140
53184
53185
53192
53197
53197
53197
53214
53215
53215
53227
53227
53227
53227
53248
53249
53264
53268
53268
53275
53276
53285
53306
53308
53309
53309
53309
53309
53312
53313
53313
53313
53313
53325
53325
53325
53325
53325
53332
53355
53364
53364
53364
53364
53364
53364
53364
53389
53389
53408
53408
53408
53408
53408
53408
53409
53409
53424
53424
53424
53424
53424
53428
53428
53428
53430
53520
53694
53697
53705
53706
53706
53706
53706
53706
53706
53706
53706
53706
53706
53706
53706
53706
53706
53706
53706
53706
53706
53706
53706
53706
53706
53706
53706
53706
53706
53706
53706
53706
53706
53706
53706
53706
53706
53706
53706
53706
53706
53706
53706
53706
53706
53706
53706
53706
53706
53706
53706
53706
53706
53706
53707
53707
53707
53707
53707
53707
53707
53707
53707
53707
53707
53707
53707
53707
53707
53707
53707
53707
53707
53707
53707
53707
53707
53708
53708
53731
53732
53732
53732
53760
53760
53760
53760
53760
53764
53764
53777
53786
53788
53788
53798
53798
53800
53800
53800
53800
53800
53810
53835
53839
53875
53878
53878
53878
53878
53878
53878
53878
53878
53878
53878
53894
53924
53924
53924
53924
53924
53924
53924
53924
53924
53924
53924
53924
53946
53951
53965
53966
53966
53966
53966
54062
54062
54062
54062
54062
54062
54077
54080
54080
54080
54080
54080
54080
54080
54080
54080
54080
54080
54080
54080
54080
54080
54080
54080
54080
54080
54080
54080
54080
54080
54080
54080
54081
54081
54095
54095
54099
54111
54111
54116
54116
54116
54116
54116
54126
54126
54138
54148
54148
54148
54148
54148
54159
54160
54160
54160
54160
54160
54167
54176
54182
54185
54192
54194
54197
54204
54207
54208
54208
54208
54221
54222
54222
54222
54255
54257
54257
54257
54257
54257
54257
54257
54257
54257
54262
54262
54276
54278
54282
54287
54287
54287
54287
54294
54311
54315
54341
54342
54343
54343
54343
54344
54344
54344
54344
54345
54351
54352
54352
54352
54355
54368
54374
54377
54377
54383
54399
54400
54423
54423
54423
54423
54423
54423
54436
54438
54438
54438
54438
54444
54455
54455
54460
54470
54477
54482
54482
54483
54483
54604
54604
54604
54604
54604
54604
54604
54604
54604
54604
54610
54620
54620
54620
54620
54620
54620
54620
54620
54620
54620
54620
54620
54620
54620
54620
54620
54620
54620
54620
54622
54630
54631
54631
54631
54648
54649
54650
54653
54660
54660
54669
54679
54680
54680
54680
54683
54690
54699
54713
54713
54713
54713
54716
54717
54726
54727
54727
54743
54747
54747
54750
54750
54750
54752
54752
54778
54778
54778
54778
54778
54778
54804
54804
54804
54804
54804
54811
54811
54817
54822
54822
54853
54853
54853
54853
54855
54866
54866
54871
54876
54876
54883
54917
54936
54936
54936
54936
54936
54936
54943
54943
54955
54956
54956
54968
54969
54977
54977
54988
54988
55020
55106
55106
55106
55120
55120
55120
55120
55120
55120
55120
55120
55120
55120
55120
55120
55120
55123
55123
55150
55150
55150
55151
55151
55151
55151
55151
55151
55151
55151
55151
55151
55151
55159
55159
55178
55208
55208
55211
55211
55211
55211
55211
55211
55211
55211
55215
55218
55221
55221
55235
55236
55247
55254
55260
55260
55264
55273
55299
55299
55311
55334
55337
55337
55338
55339
55339
55339
55339
55339
55339
55339
55345
55354
55364
55364
55364
55374
55375
55375
55375
55396
55419
55419
55422
55422
55426
55426
55426
55426
55428
55459
55464
55464
55487
55491
55491
55491
55491
55491
55491
55493
55493
55493
55493
55515
55517
55517
55517
55517
55524
55524
55629
55629
55629
55629
55629
55629
55629
55629
55629
55645
55645
55645
55645
55645
55645
55645
55645
55645
55645
55645
55645
55649
55655
55657
55662
55673
55674
55688
55690
55691
55691
55691
55696
55697
55697
55716
55716
55716
55726
55729
55753
55753
55753
55770
55773
55773
55773
55775
55796
55798
55798
55798
55814
55819
55821
55821
55836
55838
55851
55852
55852
55861
55876
55885
55885
55885
55885
55896
55909
55920
55926
55926
55926
55930
55946
55947
55950
55953
55955
55967
55982
55986
55986
55998
56004
56016
56027
56031
56031
56037
56052
56060
56063
56065
56149
56153
56155
56155
56155
56155
56155
56171
56171
56171
56171
56172
56172
56172
56172
56172
56172
56172
56172
56172
56172
56172
56180
56180
56181
56181
56190
56206
56206
56206
56206
56212
56242
56242
56242
56242
56242
56242
56242
56258
56270
56270
56287
56287
56288
56288
56288
56288
56320
56322
56322
56332
56336
56336
56364
56400
56406
56422
56429
56429
56429
56429
56429
56429
56429
56429
56429
56429
56429
56433
56433
56433
56442
56455
56458
56458
56460
56460
56481
56489
56489
56510
56510
56520
56521
56528
56546
56547
56554
56554
56572
56572
56572
56592
56627
56633
56633
56636
56636
56636
56636
56636
56636
56636
56636
56636
56636
56636
56647
56647
56691
56693
56693
56693
56693
56693
56697
56702
56702
56708
56708
56708
56708
56709
56710
56710
56724
56724
56724
56724
56724
56724
56724
56724
56724
56724
56724
56724
56724
56724
56736
56736
56736
56736
56736
56738
56774
56777
56782
56782
56783
56783
56783
56783
56783
56793
56795
56803
56803
56804
56821
56825
56826
56826
56834
56834
56855
56860
56860
56869
56882
56882
56882
56900
56900
56900
56905
56906
56917
56918
56923
56923
56923
56929
56940
56940
56954
56962
56962
56975
56982
56984
56987
56993
56993
57003
57003
57018
57018
57027
57028
57038
57047
57047
57047
57047
57050
57050
57065
57066
57069
57082
57084
57084
57195
57195
57195
57202
57202
57206
57209
57209
57209
57223
57225
57225
57225
57225
57225
57225
57225
57225
57225
57225
57225
57225
57225
57226
57226
57226
57226
57229
57233
57233
57246
57248
57256
57261
57261
57261
57261
57262
57270
57280
57283
57295
57303
57307
57309
57309
57322
57331
57331
57331
57342
57345
57345
57349
57377
57381
57381
57383
57425
57437
57438
57438
57438
57438
57438
57438
57451
57458
57459
57459
57459
57459
57459
57459
57459
57480
57486
57486
57486
57492
57492
57492
57513
57515
57528
57532
57532
57532
57550
57550
57550
57550
57550
57550
57557
57568
57575
57582
57582
57582
57582
57582
57610
57613
57613
57613
57618
57618
57618
57618
57632
57637
57641
57643
57653
57716
57733
57735
57736
57736
57736
57740
57740
57740
57740
57740
57740
57740
57740
57740
57740
57740
57740
57740
57740
57760
57760
57760
57760
57760
57760
57760
57760
57760
57760
57760
57760
57761
57761
57761
57781
57788
57788
57788
57788
57789
57789
57789
57789
57789
57789
57790
57807
57810
57810
57810
57810
57810
57810
57815
57815
57815
57819
57820
57825
57828
57835
57844
57844
57855
57855
57855
57863
57863
57882
57895
57897
57897
57910
57916
57929
57934
57934
57937
57945
57945
57945
57945
57945
57945
57945
57951
57954
57959
57960
57960
57973
57974
57974
57974
57974
57974
57994
57994
57994
58035
58039
58039
58039
58039
58042
58042
58042
58042
58042
58042
58042
58042
58042
58047
58051
58056
58056
58076
58077
58084
58086
58090
58090
58105
58107
58107
58118
58119
58121
58123
58124
58127
58127
58138
58138
58141
58142
58142
58148
58149
58149
58152
58155
58244
58249
58256
58256
58256
58256
58256
58256
58256
58256
58256
58257
58257
58257
58257
58257
58257
58257
58257
58257
58257
58257
58257
58257
58260
58260
58260
58260
58261
58262
58263
58264
58264
58264
58264
58264
58267
58267
58267
58273
58274
58277
58287
58288
58288
58288
58288
58288
58288
58306
58310
58311
58311
58311
58311
58311
58311
58311
58311
58311
58311
58318
58323
58324
58324
58327
58327
58333
58333
58341
58343
58343
58354
58354
58355
58355
58355
58355
58366
58368
58368
58368
58368
58378
58382
58398
58406
58406
58406
58409
58420
58420
58420
58420
58420
58425
58431
58431
58431
58431
58431
58431
58444
58444
58456
58456
58456
58459
58460
58460
58473
58475
58475
58476
58476
58478
58512
58545
58547
58547
58547
58547
58547
58557
58563
58563
58585
58585
58586
58586
58586
58586
58586
58595
58595
58595
58595
58595
58595
58595
58597
58603
58612
58612
58612
58612
58612
58614
58638
58638
58640
58641
58641
58641
58641
58641
58643
58647
58647
58658
58672
58672
58673
58673
58673
58673
58673
58683
58683
58683
58696
58696
58697
58697
58796
58810
58810
58810
58810
58810
58810
58810
58810
58810
58810
58810
58811
58811
58811
58811
58811
58811
58811
58811
58822
58822
58822
58822
58822
58822
58822
58822
58822
58822
58822
58822
58828
58828
58828
58828
58828
58828
58828
58828
58828
58828
58828
58828
58837
58863
58863
58866
58886
58892
58892
58900
58921
58921
58921
58921
58921
58922
58922
58922
58922
58922
58922
58922
58922
58922
58922
58922
58922
58922
58922
58922
58922
58922
58939
58945
58945
58945
58945
58945
58953
58953
58962
58962
58962
58962
58962
58962
58971
58971
58971
58971
58971
58971
58971
58985
58990
58990
58990
58990
58990
58990
58990
58990
58993
58998
59007
59008
59008
59009
59009
59009
59009
59009
59009
59009
59029
59031
59031
59031
59032
59033
59033
59033
59037
59038
59038
59038
59043
59043
59043
59049
59049
59049
59049
59056
59059
59059
59060
59060
59061
59087
59090
59090
59099
59100
59110
59112
59117
59124
59135
59136
59142
59142
59142
59142
59142
59142
59142
59142
59142
59142
59142
59142
59142
59142
59142
59142
59142
59142
59142
59146
59146
59150
59151
59151
59151
59153
59153
59164
59164
59431
59431
59431
59431
59431
59431
59431
59432
59432
59432
59432
59432
59432
59432
59432
59432
59432
59432
59432
59432
59432
59432
59432
59433
59433
59433
59433
59433
59433
59434
59434
59434
59435
59435
59435
59435
59435
59435
59435
59436
59436
59436
59436
59436
59436
59436
59436
59436
59436
59436
59436
59436
59436
59436
59436
59436
59436
59436
59436
59436
59437
59437
59437
59437
59437
59437
59437
59437
59437
59437
59437
59437
59437
59437
59437
59437
59437
59437
59437
59437
59437
59450
59451
59451
59451
59451
59453
59453
59466
59468
59468
59468
59468
59469
59481
59481
59481
59481
59481
59481
59493
59519
59520
59520
59520
59520
59520
59520
59520
59520
59520
59520
59520
59520
59520
59520
59538
59541
59541
59541
59541
59541
59547
59547
59557
59557
59557
59557
59557
59563
59564
59564
59564
59574
59580
59586
59589
59593
59593
59610
59611
59611
59614
59614
59614
59614
59614
59614
59614
59614
59614
59614
59623
59623
59623
59634
59634
59635
59635
59635
59635
59635
59649
59652
59667
59667
59667
59667
59669
59672
59672
59677
59680
59690
59695
59695
59695
59695
59695
59695
59698
59703
59704
59704
59704
59717
59721
59721
59721
59829
59837
59837
59837
59837
59837
59837
59857
59857
59857
59857
59857
59857
59857
59857
59857
59857
59857
59857
59857
59857
59857
59857
59857
59857
59857
59876
59881
59881
59881
59881
59881
59881
59881
59888
59890
59890
59890
59890
59890
59891
59891
59891
59891
59891
59891
59891
59891
59891
59891
59891
59891
59891
59891
59891
59891
59892
59892
59892
59893
59893
59893
59893
59893
59893
59893
59900
59900
59904
59904
59911
59915
59916
59918
59918
59918
59918
59918
59926
59927
59929
59953
59953
59953
59954
59954
59966
59975
59986
59986
59990
60005
60006
60006
60006
60006
60006
60009
60009
60010
60010
60010
60010
60010
60010
60014
60014
60014
60036
