185   0   0   0   1   1   7   8   8   8   8   8   8   8   8   8   9   9   9   9   9   9   9   9   10   10
326   0   1   1   1   1   2   2   2   2   2   2   3   3   3   3   3   3   4   4   4   4   4   4   4   5
387   0   2   3   8   8   9   9   9   9   9   10   10   10   10   10   10   10   10   11   11   12   12   12   12   12
454   0   95   96   96   96   97   97   97   97   97   97   98   98   98   98   98   98   98   98   99   99   99   99   99   99
611   0   9   9   9   9   9   9   9   9   9   9   10   10   10   10   10   10   10   10   10   10   12   12   12   16
674   0   7   7   9   9   9   9   9   9   9   10   10   10   12   12   12   12   12   12   13   13   13   14   14   14
751   0   4   4   6   6   6   7   7   7   7   7   7   7   7   8   8   8   8   9   9   9   9   9   9   9
899   0   4   5   5   13   13   13   14   14   14   14   14   14   14   14   15   15   15   15   15   15   15   15   15   15
982   0   8   8   8   9   9   9   9   9   9   9   9   9   9   10   10   10   10   10   10   10   10   13   13   13
1051   0   2   3   5   5   6   6   6   6   6   6   6   6   13   14   14   14   14   14   14   14   14   14   15   15
1115   0   2   7   7   8   8   8   8   8   8   8   8   8   8   9   9   9   9   9   9   9   9   9   12   13
1185   0   0   0   1   10   10   10   11   11   11   11   11   11   11   11   11   11   12   12   12   12   12   12   12   12
1250   0   0   1   1   1   7   8   8   8   8   8   8   9   9   9   11   11   11   14   14   14   15   15   15   15
1379   0   10   11   11   11   11   11   12   12   12   12   12   12   12   12   12   13   13   13   13   13   13   13   13   13
1443   0   5   7   7   8   8   8   8   8   9   9   9   9   9   9   9   9   9   10   11   11   11   12   12   12
1514   0   3   8   8   9   9   9   9   9   10   14   14   14   14   14   14   14   14   14   14   15   15   19   20   20
1577   0   1   1   1   1   1   6   6   6   6   7   7   7   7   7   7   7   8   8   8   8   8   8   8   9
1648   0   0   1   1   6   7   7   10   10   10   10   10   10   13   13   13   14   14   14   14   14   14   14   14   15
1711   0   5   5   6   6   6   6   7   7   7   7   7   7   7   7   9   9   9   9   9   9   9   9   9   10
1785   0   5   5   5   5   5   5   5   6   6   6   6   6   6   6   6   6   7   7   7   7   7   7   14   14
1903   0   1   12   12   12   12   12   12   12   13   13   13   13   13   13   14   14   14   14   14   15   15   15   15   15
4011   0   0   1   1   1   2   2   2   2   2   3   3   3   3   3   4   4   4   4   4   5   5   5   5   5
4076   0   0   0   8   9   9   9   9   9   9   9   9   10   10   10   10   10   10   10   10   10   10   11   11   11
4144   0   0   1   1   4   4   4   4   6   6   6   6   6   6   7   7   7   7   7   7   10   10   10   11   11
4216   0   0   1   7   7   7   7   7   7   7   7   7   7   8   8   8   9   9   9   13   13   14   16   16   16
4280   0   3   3   10   10   10   10   11   13   13   13   13   13   13   13   13   13   14   14   14   14   14   14   14   14
4346   0   6   8   8   8   8   9   9   9   10   10   10   10   10   10   11   11   11   11   11   11   11   11   12   12
4425   0   0   1   1   1   1   6   6   7   7   7   7   8   8   8   8   8   8   8   8   8   8   8   9   9
4576   0   4   4   9   9   9   9   10   10   11   11   11   11   11   11   12   12   12   13   13   13   13   13   13   13
4654   0   1   1   2   5   5   5   6   6   6   6   6   6   7   7   7   8   8   9   9   9   10   10   10   10
4729   0   0   0   1   4   4   4   4   4   5   5   5   5   5
4803   0   0   1   1   1   1   3   10   10   10   10   10   11   11   11   11   11   11   11   11
4871   0   7   7   7   8   8   8   8   8   8   8   8   8   8   8   8   9   12   12   12   12   12   14   14   17
4947   0   1   5   6   6   6   6   6   6   6   7   9   9   9   9   9   9   10   10   10   10   10   10   102   102
5097   0   0   1   7   7   8   8   8   8   8   8   8   8   8   9   9   9   9   9   9   9   9   9   9   9
5164   0   2   6   10   10   10   10   11   11   12   12   12   12   15   15   16   16   16   28   29   29   33   33   34   34
5233   0   0   7   7   10   13   13   14   14   14   15   15   16   16   16   16   18   19   19   22   22   24   24   25   30
5299   0   0   1   1   5   5   6   6   6   6   6   6   6   6   6   7   7   7   7   7   7   7   7   7   7
5371   0   0   1   1   1   1   1   11   12   12   12   12   12   12   12   12   13   13   13   13   14   14   14   14   14
5447   0   1   3   10   10   10   11   11   11   11   11   17   17   17   17   17   17   17   18   18   18   18   18   18   18
5577   0   0   1   1   1   1   1   2   2   2   2   2   3   3   3   3   3   3   4   4   4   4   4   4   5
5642   0   0   9   9   9   9   9   9   9   9   9   10   10   10   10   10   10   10   10   10   10   10   11   11   11
5712   0   0   6   8   8   8   9   9   9   9   9   9   9   9   10   10   10   10   10   10   10   10   10   10   10
5794   0   0   1   1   1   1   1   1   1   2   2   2   2   2   2   2   6   6   7   7   7   7   8   8   8
7856   0   8   8   9   9   11   11   11   11   11   11   12   12   12   12   13   13   13   13   13   17   17   17   17   18
7921   0   1   4   4   5   5   5   5   7   7   8   8   8   8   8   8   8   9   9   9   9   9   10   10   10
7996   0   0   1   1   1   1   1   8   9   10   10   10   10   10   10   10   10   10   11   11   11   11   15   15   15
8063   0   12   12   12   12   12   12   12   13   13   13   13   13   13   13   13   13   14
8202   0   0   1   1   1   1   1   1   1   1   2   2   2   2   2
8265   0   0   0   1   1   7   7   7   7   21   22   22   22   22   22   23   23
8342   0   0   0   3   3   3   3   4   4   4   4   4   19   19   19   19   19   19
8411   0   0   1   7   7   7   8   8   8   8   23   23   23   23   23   24   24
8481   0   0   0   1   1   6   6   6   6   10   10   10   10   10   10   10   10   10   10
8550   0   0   0   1   1   2   2   3   3   3   9   9   9   9   9   9   14   14   14   14   15   15   15   20
8619   0   0   1   1   1   1   1   1   1   8   9   9   9   9   9   9   10   10   10   10   140   140   141   142   142   143   143   143   143   143   143   143   145   145   145   145   145   145
18770   0   3   3   11   11   11   11   11   12   15   15   18   18   18   19   19   19   22   22   22   22   22   22   22   23
18852   0   198   198   198   198   198   199   199   199   200   200   200   200   200   201   201   201   201   201   201   202   202   202   202
19215   0   1   5   10   10   10   10   10   10   10   10   10   11   11   11   11   11   11   11
19279   0   3   5   5   6   7   7   7   7   8   8   8   12   12   12   12   12   12   12   13   14   14   15
19348   0   0   0   4   5   5   6   6   6   6   6   6   7   7   7   7   7   7   7   7   7   7   7   8   8
19415   0   8   8   8   8   8   9   9   9   11   11   11   12   12   12   12   12   12   12   12   12   13   13
19489   0   0   1   9   9   10   10   10   10   10   10   10   10   10   10   10   10   10   11   11   11   11   11   11   11
19558   0   15   15   15   15   15   15   15   15   15   15   15   16   16   16   16   16   16   16   16   16   16   16   17   17
19633   0   0   1   1   1   1   1   1   2   2   101   102   102   102   102   102   102   102   102   102   103   103   103   103   103
19786   0   0   1   1   1   1   2   3   3   3   3   5   6   6   6   6   7   7   7   7   7   8   8   8
19858   0   0   1   1   1   1   1   2   2   2   2   2   2   3   3   3   3   3   4   4   4   4   4   4   6
19920   0   5   5   6   6   6   6   7   7   7   7   7   7   7   8   8   8   8   8   8   8   8   9   11   12
19982   0   5   5   5   6   8   8   9   9   9   9   9   9   9   9   11   11   11   11   11   11   11   13   13
20044   0   1   6   6   7   7   7   7   7   8   8   8   8   8   8   8   8   9   10   10   10   10   12   14   14
20109   0   0   1   5   5   5   5   5   5   5   5   6   6   6   6   6   7   7   7   7   8   8   11   11   11
20252   0   6   7   7   7   7   8   8   8   8   8   8   8   9   9   9   9   9   9   9   9   10   10   10   10
20326   0   0   1   1   1   1   1   2   2   2   2   5   5   5   5   5   6   6   6   6   6   8   8
20398   0   0   6   6   6   7   7   7   9   9   9   9   9   9   10   10   10   10   10   11   11   14   14   14   15
20467   0   0   1   8   8   9   9   9   9   9   9   9   9   9   9   9   10   10   10   10   10   10   10   10
20531   0   4   4   4   11   11   12   12   12   12   12   12   12   12   13   13   13   13   13   13   13   13   13   13   13
20604   0   0   0   1   1   1   1   1   6   6   6   6   6   6   8   8   8   8   9   9   9   9   9
20674   0   1   1   2   3   4   4   4   4   5   5   5   5   5   5   5   10   10   10   159   160   160   160   160   160   160   160   161   161   161   161   161   161   162   162   162   167   169   169   169
30841   0   1   1   1   1   5   9   9   9   9   9   9   10   10   10   10   10   11   11   11   11   11   11   12   12
30919   0   0   0   1   1   1   2   2   5   5   5   5   6   6   6   6   6   6   6   7   7   7   7   7   7
31001   0   45   45   45   45   45   46   46   46   46   46   46   46   47   47   47   47   47   47   47   47   47   47   48   48
31107   0   0   0   1   1   1   1   1   1   1   2   10   10   10   11   11   11   11   11   11   11   11   11   12   12
31263   0   0   1   1   1   1   1   2   2   2   2   2   2   3   3   3   3   3   3   4   4   4   4   4   4
31351   0   0   1   1   1   1   1   1   1   1   2   2   2   2   2   2   2   2   2   3   3   3   3   3   3
31416   0   1   1   3   9   9   10   10   10   10   10   10   10   10   10   11   11   11   11   11   11   11   12   12   12
31505   0   0   1   1   1   1   1   1   1   2   2   2   2   7   7   7   7   8   8   8   8   8   8   8
31571   0   1   5   5   5   5   6   6   6   6   6   6   6   7   7   7   7   7   8   8   8   8   11   11   11
31651   0   2   7   7   7   7   7   7   8   13   13   13   13   13   13   13   13   15   15   15   16   16   16   16   16
31791   0   0   1   1   1   1   1   1   2   2   2   2   2   3   3   3   3   3   3   4   4   4   4   4   4
31863   0   1   1   3   3   4   4   4   4   4   5   5   5   5   5   5   5   5   7   7   7   11   11   11   12
31928   0   9   9   9   9   9   9   9   10   10   10   10   10   10   10   10   11   11   11   11   11   14   17   18   18
32001   0   0   0   4   4   4   7   8   8   8   8   9   9   9   9   9   11   12   12   12   12   12   12   12   12
32067   0   2   7   7   8   8   8   8   8   8   8   8   8   12   12   12   12   12   12   12   12   12
32130   0   0   1   1   7   7   7   8   8   8   8   8   8   8   12   12   12   12   13   13   13   13   13   13
32197   0   0   0   1   1   1   1   1   1   1   7   7   7   7   7   7   7   7   7   8   11   11   11
32314   0   1   1   1   1   1   2   2   2   2   2   2   3   3   3   3   3   4   4   4   4   4   4
32377   0   0   1   1   9   9   9   10   10   10   11   11   11   13   17   17   17   18   18   18   18   18   31   35   36
32446   0   1   1   1   1   2   2   2   3   3   7   7   7   7   8   8   8   8   8   9   9   9   9
32511   0   0   1   7   8   8   8   8   8   8   8   8   8   8   8   9   9   9   9   9   9   14   14   15
32576   0   0   4   4   4   5   5   5   6   6   9   9   9   9   11   11   12   12   16   16   16   16   20   26   27
32634   0   0   1   8   8   8   8   9   9   11   11   11   11   11   12   12   12   12   12   12   12   12   12   13   13
32706   0   4   4   12   12   12   12   13   13   13   13   13   13   13   13   13   13   13   13   14   16   16   17   17   17
32840   0   0   1   1   1   1   1   1   2   2   2   2   2   3   3   3   3   8   8   8   8   9   9   9   9
32918   0   0   1   4   4   4   6   6   6   7   7   7   8   9   9   9   9   9   9   10   10   13   13   13   13
32991   0   5   5   5   6   6   6   6   6   9   9   9   9   9   9   9   9   9   10   10   10   10   10   10   10
33063   0   1   1   1   1   1   1   2   2   8   8   8   8   8   8   8   8   8   8   9   9   9   10   10   10
33133   0   4   4   4   4   8   8   8   8   8   8   9   9   9   10   10   10   10   10   10   11   11   11   11   11
33210   0   0   0   1   5   6   6   6   6   6   6   6   8   8   12   12   12   12   12   12   14   14   18   18   18
33364   0   1   1   1   1   1   1   2   2   2   2   2   3   3   3   3   4   4   4   4   4   5   5   5   5
33433   0   0   1   7   7   7   7   7   7   7   8   8   8   8   8   8   8   8   8   9   9   9   9   9   9
33515   0   0   1   1   1   8   8   8   8   9   9   9   9   9   9   9   9   9   9   9   9   9   10   10   10
33586   0   2   16   16   16   16   17   17   17   17   17   17   17   17   17   17   17   18   18   18   18   18   18   18   18
33659   0   1   1   1   1   10   10   10   11   11   11   11   11   11   11   11   11   11   11   12   12   12   12   12   12
33728   0   8   9   9   9   9   9   9   9   9   9   9   9   37   38   38   38   38   38   38   39   39   39   39   39
33888   0   0   1   1   1   1   1   2   2   2   2   2   2   2   3   3   3   3   3   3   4   4   4   4   4
33957   0   0   0   4   4   4   4   4   4   4   5   5   5   5   9   10   10   10   10   10   10   10   10   10   10
34033   0   0   1   1   1   2   2   2   2   2   2   2   5   7   7   7   7   9   9   9   9   9   9   9   9
34097   0   1   9   9   9   16   16   16   16   17   17   20   20   20   20   20   20   21   21   23   23   26   26   26   26
34162   0   1   1   1   2   7   7   7   7   7   7   7   8   8   8   8   9   9   16   16   16   16   16   16   16
34234   0   0   1   6   6   6   6   6   6   6   6   6   7   7   7   7   7   7   7   8   8   8   8   8   8
34307   0   0   1   1   1   1   1   1   1   2   2   10   10   10   100   100   100   100   101   101   101   101   101   101   101
34461   0   3   3   9   9   9   9   10   10   10   10   10   10   10   10   10   10   10   14   14   14   14   14   14   14
34530   0   5   5   5   5   5   5   6   6   6   6   6   8   8   8   8   9   12   13   13   13   14   15   15   15
34600   0   2   2   2   2   10   10   10   11   11   11   11   11   11   11   11   11   12   12   12   12   12   12   12   12
34671   0   2   8   8   8   8   9   9   9   9   9   9   14   14   14   14   14   15   15   15   15   15   15   15   15
34736   0   1   1   2   2   6   6   6   6   7   7   8   10   10   10   10   10   10   10   11   11   11   11   11   11
34799   0   0   5   6   6   6   6   6   6   7   7   7   7   7   7   7   8   8   8   8   8   9   9   10   10
34931   0   1   1   1   1   2   2   2   2   2   3   3   3   3   4   4   4   4   4   5   5   5   5   5   6
34993   0   4   4   4   9   9   9   9   9   9   9   9   10   10   10   10   10   10   10   10   10   10   12   12   12
35059   0   0   1   3   6   6   10   10   12   12   12   12   13   13   13   18   18   18   18   18   18   18   20   23   23
35121   0   6   7   7   7   7   7   8   8   8   8   9   9   9   9   9   9   9   9   9   10   10   10   10   10
35186   0   3   9   9   9   9   9   9   10   10   10   10   10   10   10   10   10   11   11   11   11   11   11   11   11
35250   0   8   12   16   16   16   20   20   20   20   20   20   22   22   22   22   22   23   26   26   26   27   27   27   27
35317   0   0   0   1   1   5   6   6   6   6   6   6   6   12   12   12   12   12   12   12   12   12   12   12   15
35460   0   0   1   1   1   1   1   1   2   2   2   2   2   2   2   3   3   3   3   3   3   3   3   4   4
35533   0   0   1   1   1   1   1   1   1   1   2   2   2   8   9   9   9   9   9   9   10   10   10   10   10
37606   0   1   1   1   5   5   5   5   6   6   6   7   7   7   7   11   11   11   11   11   11   12   12   12   13
37687   0   0   1   1   1   1   3   4   4   5   5   5   5   5   5   7   7   8   8   8   9   9   9   9   9
37750   0   5   5   5   6   6   7   7   7   7   9   10   10   10   10   10   10   10   10   10   10   11   11   11   11
37824   0   0   0   8   9   9   9   9   9   9   9   9   9   10   10   10   10   10   10   10   10   10   10   11   12
39902   0   0   1   3   5   5   5   5   5   6   7   9   11   12   13   13   13   13   13   14   14   14   14   14   14
39973   0   0   1   1   9   9   9   9   9   9   9   9   9   10   10   10   10   10   10   10   10   10   10   11   11
40047   0   0   1   2   10   10   10   10   10   10   11   11   11   11   11   11   11   11   11   12   12   12   12   12   12
40176   0   1   1   1   1   1   1   1   2   2   2   2   3   3   3   3   3   4   4   4   4   4   5   5   5
40245   0   0   0   1   1   1   1   6   7   7   7   7   7   14   14   14   14   14   14   14   14   15   15   15   15
40314   0   0   1   1   6   6   6   6   7   7   7   7   12   12   12   12   13   13   13   13   13   13   13   13   13
40382   0   9   9   9   10   10   10   10   10   10   10   10   10   10   11   11   11   11   11   11   11   11   11   11   12
40449   0   0   1   1   1   1   1   1   1   2   2   2   2   2   3   3   3   3   8   8   8   9   9   9   9
40518   0   0   9   9   10   10   10   10   10   10   11   11   11   11   11   13   13   13   14   14   14   14   14   14   14
40584   0   0   0   1   1   5   5   5   5   5   6   6   6   8   9   9   9   9   9   9   9   10   10   10   11
40704   0   0   1   1   1   1   1   2   2   2   2   2   3   3   3   3   3   4   4   4   4   5   5   5   5
40770   0   0   1   1   2   7   7   8   8   8   8   8   8   8   8   8   9   9   9   9   9   9   9   10   10
40840   0   0   1   1   1   1   3   3   3   3   4   4   4   4   4   4   4   4   5   5   5   5   8   8   8
40903   0   0   1   7   7   7   8   8   8   8   8   8   8   8   8   8   8   9   9   10   10   11   11   11   11
40967   0   1   6   6   8   12   12   12   13   13   13   13   13   13   13   14   15   15   18   18   18   18   18   18   18
41034   0   6   6   8   8   9   9   9   9   9   9   9   10   10   10   10   10   10   10   10   10   10   10   11   11
41101   0   2   6   9   9   9   9   9   9   10   12   12   12   17   18   18   18   18   18   18   18   18   18   18   18
41225   0   0   1   1   1   1   1   2   2   2   2   2   3   3   3   3   3   3   4   4   4   4   4   4   4
41303   0   0   1   1   1   1   1   1   2   2   2   2   2   3   4   4   4   4   4   4   4   5   5   5   5
41367   0   0   1   7   7   7   7   7   7   8   8   8   8   8   8   8   8   8   8   8   8   8   8   9   9
41431   0   0   0   1   1   1   1   1   1   2   2   2   5   6   7   7   7   7   7   8   8   8   8   8   8
41505   0   0   1   1   3   3   3   3   3   3   3   6   6   6   6   6   6   7   7   10   10   10   11   11   11
41580   0   1   1   1   1   1   9   9   9   9   10   10   10   10   10   10   10   10   10   11   11   11   11   11   11
41650   0   0   1   2   2   2   2   2   3   3   5   5   6   6   6   6   6   6   6   7   7   7   7   7   7
41802   0   0   1   1   1   1   1   1   1   8   8   8   8   8   8   8   8   8   8   8   9   9   9
41878   0   1   1   1   1   2   2   2   2   3   3   3   3   3   3   3   3   4   4   4   4   4   4   4   5
41933   0   5   5   8   8   10   10   10   10   10   10   10   10   10   10   10   10   11   11   11   11   11   11   11   11
42005   0   0   1   1   1   1   1   1   1   2   2   2   6   6   6   6   6   7   7   7   7   7   7   7   9
42068   0   0   1   1   1   1   1   1   3   3   4   5   5   5   5   5   5   6   6   6   6   6   6   6
42131   0   1   1   6   7   7   8   8   8   8   8   8   8   8   8   8   8   9   9   9   9   9   9   9
42275   0   1   1   1   1   1   1   1   1   2   2   2   2   2   2   2   3   3   3   3   3   3   3   4   4
42336   0   0   1   1   1   1   1   1   1   5   5   5   5   5   6   6   6   6   6   6   7   7   7   7   8
42397   0   1   1   1   1   1   1   3   7   9   14   15   15   15   15   15   15   15   15   15   16   16   16   16   16
42466   0   5   5   7   7   8   8   8   8   9   9   9   9   9   9   9   9   10   10   10   10   10   10
42542   0   0   1   1   5   5   5   5   6   6   6   8   8   9   9   9   9   9   9   9   9   9   9   10   10
42609   0   0   1   1   1   1   1   1   1   1   1   2   2   2   9   9   9   9   9   9   9   10   10   10   10
42670   0   0   0   1   1   3   4   4   4   7   8   8   8   8   8   8   8   8   8   9   9   9   9   9   9
42798   0   0   1   1   1   1   1   1   1   2   2   2   2   2   2   6   6   6   6   7   7   7   8   8   8
42865   0   0   5   5   5   5   6   6   6   6   6   6   6   6   6   8   8   8   8   8   8   8   8   8   8
42938   0   0   1   1   1   1   6   6   6   6   6   11   11   11   11   11   11   11   11   11   11   11   11   12   12
43007   0   2   7   7   9   9   9   9   9   9   9   10   10   10   10   10   10   10   10   15   15   15   15   17   17
43078   0   1   1   1   1   4   4   4   4   4   4   5   5   5   6   6   6   6   7   7   7   7   7   7   7
43146   0   0   1   5   6   6   6   6   6   6   6   7   7   7   7   8   8   8   8   8   8   9   9   9   9
43220   0   0   4   4   4   5   5   5   5   5   5   5   6   6   6   7   7   7   7   7   8   8   8   8   10
43370   0   0   1   2   2   3   7   7   7   7   7   7   8   8   8   8   8   8   8   8   9   11   11   11   11
43441   0   0   1   1   1   1   1   1   2   2   2   2   2   6   8   8   8   8   8   8   9   9   10   13   13
43524   0   5   5   6   6   6   6   6   6   6   6   6   13   13   13   13   14   14   14   14   14   14   14   14   14
43582   0   1   2   6   6   6   11   11   12   12   12   13   13   16   16   16   16   16   16   16   16   16   17   17   17
43643   0   2   2   11   11   11   16   16   16   16   16   16   16   22   22   22   22   22   22   23   28   29   29   29   29
43713   0   3   6   7   7   7   7   7   12   12   13   13   13   13   13   13   13   20   20   20   21   21   21   21   21
43849   0   1   1   1   2   2   2   2   2   2   3   3   3   3   3   3   3   4   4   4   4   5   5   5   5
43914   0   4   7   9   9   9   9   10   10   10   10   11   12   12   12   12   12   12   12   13   13   13   13   13   13
43984   0   0   1   2   2   2   3   3   3   3   3   3   3   4   4   5   5   5   5   5   5   6   6   6   6
44051   0   0   5   5   6   6   19   24   25   25   26   27   46   46   46   46   46   47   47   47   47   47   48   48   48
44115   0   3   3   4   4   8   8   8   9   9   9   9   9   9   9   9   9   9   10   13   13   13   14   14   14
44183   0   1   1   1   1   1   1   2   2   2   8   8   8   8   9   9   9   9   9   9   9   9   9   9
44249   0   1   2   10   10   11   11   11   11   11   11   17   19   19   19   20   26   26   26   27   27   27   27   27
44374   0   0   1   1   1   1   1   1   2   2   2   2   2   2   3   3   3   3   3   3   3   4   4   4   4
44437   0   0   9   9   9   9   9   9   9   10   10   10   11   11   11   12   12   12   12   12   12   13   13   14   14
44499   0   0   1   1   1   1   4   4   6   6   6   7   7   7   7   7   7   9   9   9   9   9   13   13   14
44579   0   5   7   7   7   7   7   8   8   8   8   8   8   8   9   9   9   9   9   9   9   9   9   9   9
44649   0   3   4   9   9   9   9   14   14   24   24   24   24   25   25   25   25   26   27   27   27   27   27   27   28   67   67   67   70   70   70   71   71   71   71   71   76   76   76   76   76   77   77   77   77   78   78   78   78
54727   0   0   1   2   4   5   5   5   5   5   5   6   6   6   6   6   6   7   7   12   14   14   14   14   14
54860   0   0   1   1   1   1   2   2   2   2   2   2   3   3   3   3   4   4   4   4   4   4   4   5   5
54917   0   19   19   19   20   20   20   20   20   20   20   21   21   21   21   21   21   21   22   22   22   22   22   22   22
55008   0   0   1   1   1   1   1   1   2   7   7   7   7   7   7   7   7   8   8   8   9   9   9   9   9
55070   0   0   4   7   7   7   8   9   12   12   12   13   13   13   13   13   14   14   14   14   14   14   14   14   14
55144   0   0   0   5   5   5   5   5   6   6   6   6   6   6   6   8   9   9   9   9   9   9   9   11   11
55203   0   3   9   9   9   9   9   9   9   9   10   10   10   10   10   10   10   13   14   14   14   14   14   14   14
55264   0   0   1   1   1   1   1   1   1   3   3   3   5   5   6   6   6   6   6   6   6   6   7   7   7
55381   0   0   1   1   1   1   1   1   2   2   2   2   2   3   3   3   3   3   3   3   4   4   4   4   4
55451   0   0   1   1   1   1   1   1   1   3   3   3   3   3   5   6   6   7   7   7   7   7   8   8   8
55533   0   9   9   10   10   10   10   10   10   10   10   10   11   11   15   15   15   16   16   16   16   17   17   17   17
55610   0   1   1   1   1   1   1   1   2   2   2   2   2   2   2   3   10   10   10   10   10   13   13   17   17
55675   0   1   4   11   11   11   11   11   11   12   12   12   12   12   12   12   12   12   12   13   13   13   13   13   13
55745   0   5   8   8   8   8   9   15   15   15   15   15   15   15   17   17   17   17   23   23   23   23   23   23   23
55905   0   0   1   1   1   1   1   2   2   2   2   2   2   3   3   3   3   3   3   4   4   4   4   5   5
55971   0   3   3   3   4   9   9   9   9   9   9   9   9   10   10   10   10   10   10   10   10   10   10   10   10
56047   0   0   1   1   1   1   8   8   8   8   9   9   9   9   9   9   10   10   10   10   10   10   10   10   10
56116   0   1   1   1   1   1   2   2   2   2   2   5   5   5   5   5   6   6   7   8   11   13   13   13   14
56184   0   0   1   1   1   1   2   2   2   2   2   3   9   9   9   10   10   10   10   10   10   10   10   10   10
56251   0   0   0   1   1   1   1   8   10   10   10   10   10   10   11   11   11   11   11   11   11   11   12   12   12
56322   0   0   2   2   6   7   7   7   7   7   7   15   15   15   15   111   111   111   111   111   111   112   112   112   112
56434   0   1   1   1   1   1   1   2   2   2   2   2   2   2   2   3   3   3   3   3   4   4   4   4   4
56498   0   0   1   8   8   8   8   9   9   9   9   9   9   9   9   9   9   9   10   10   10   10   10   10   13
56561   0   1   3   9   9   14   16   16   16   16   22   22   22   23   23   23   23   23   23   23   23   23   25   25   26
56640   0   1   1   1   1   1   2   3   9   9   10   10   10   10   10   10   10   10   10   10   12   12   12   12   12
56707   0   6   6   7   7   7   7   7   8   8   8   8   8   9   9   9   9   9   9   9   10   11   14   14   14
56782   0   0   1   1   1   1   1   2   2   6   6   6   6   6   6   7   7   7   7   7   7   7   7   7   7
56850   0   0   4   7   7   8   8   8   8   8   8   8   9   11   11   11   11   11   11   11   11   11   12   12   12
59046   0   4   4   5   5   5   5   5   5   5   6   6   6   6   6   6   6   7   7   7   7   7   7   7   8
59118   0   1   1   1   1   8   8   8   8   9   9   9   11   11   12   12   12   12   12   12   12   12   12
59186   0   0   1   1   5   8   8   8   8   11   11   11   11   11   12   12   12   12   12   18   18   18   18   18   18
59253   0   6   6   6   7   7   7   7   7   7   7   7   7   7   10   10   10   11   11   11   11   11   11   11   11
59324   0   0   1   1   6   6   6   6   6   6   17   17   17   17   17   18   18   18   18   18   19   20   20
59401   0   2   4   4   4   4   4   4   4   5   5   5   5   5   5   5   5   8   8   10   10   10   10   10
59471   0   1   1   2   2   2   2   2   3   5   5   7   7   7   7   7   9   9   10   10   10   10
59624   0   4   4   4   4   10   10   11   11   11   11   11   11   11   11   11   18   18   18   18   18   18
59689   0   2   2   10   10   10   10   10   10   10   16   16   16   16   16   16   19   20   20   20   20   22   22   22   22
59761   0   0   2   6   6   7   7   7   7   7   9   9   9   9   10   10   11   11   11   11   14   15   15   20   21
59830   0   1   1   3   7   7   7   7   7   7   10   10   11   11   11   11   11   13   13   13   13   13   13   13   14
59901   0   0   2   2   2   9   10   10   10   10   10   10   11   11   11   11   11   11   11   15   15   15   16   16
59976   0   0   1   1   1   1   1   1   2   9   9   9   9   9   9   10   10   10   10   10   10   10   10   10   10
60105   0   1   1   1   1   1   2   2   2   2   2   2   2   2   3   3   3   3   3   3   3   3   4   4   4
60165   0   1   8   8   13   13   13   13   13   13   19   24   24   24   24   26   26   27   27   28   52   52   53   53   53
