0   19   0   17   17   19   19   19   19   19   19   19   19   20   20   20   20   21   21   21   21   21   22   22   22   22   23   23   23   25   25   25   27   27   27   27   27   27   27   27   27   27   27   27   27   27   27   27   27   27   27   27   28   32   32   32   32   33   33   33   33   33   33   33   34   36   38   38   38   38   38   38   38   38   38   38   38
76   28   0   0   0   0   0   0   0   0   2   2   2   2   2   2   2   2   3   3   3   3   4   4   11   11   11   26   26   26   26   26   26   26   26   26   26   26   26   26   26   26   26   26   26   26   26   26   26   26   26   26   26   26   26   26   26   33   33   34   34   34   34   34   34   34   34   34   34   34   34   34   34   34   34   34   34
167   33   0   0   4   4   4   4   4   4   7   8   8   8   8   8   8   8   9   16   17   17   17   17   21   22   22   22   22   22   22   22   27   27   27   27   27   27   27   27   27   27   27   28   28   28   28   28   28   28   28   28   28   28   30   30   30   30   30   30   30   30   31   31   31   33   33   34   34   34   34   34   34   36   36   37   37
270   26   0   0   0   34   34   34   34   34   34   34   34   34   34   34   34   34   34   34   34   56   56   56   56   58   58   58   58   58   58   58   58   58   58   58   58   58   58   58   58   58   58   58   58   58   58   58   69   69   69   69   69   69   69   69   69   69   69   69   69   69   70   70   70   70   70   70   70   70   70   70   70   70   70   70   70
392   26   0   0   0   42   43   43   43   43   43   43   43   43   43   43   43   43   43   43   43   43   43   43   43   43   43   43   43   43   43   43   43   43   43   43   43   43   43   43   43   43   43   43   43   43   43   43   43   43   43   43   44   44   44   44   44   44   44   44   44   44   44   44   44   44   44   44   44   44   44   44   44   44   44   44   44
488   23   0   20   20   20   20   20   20   20   20   24   24   24   24   24   24   24   24   24   25   25   25   25   25   25   25   25   26   26   26   26   29   29   29   30   30   30   30   30   30   30   30   43   43   45   45   45   45   45   45   45   45   45   45   46   46   46   48   48   48   48   48   48   51   51   52   52   52   52   53   53   54   54   54   54   54
587   22   0   3   3   3   4   4   4   4   4   17   17   20   21   21   21   21   21   21   21   21   21   21   21   22   22   39   39   39   39   39   39   39   39   39   39   39   39   39   40   40   40   41   41   42   42   43   43   43   43   43   43   43   43   43   44   44   44   48   48   48   48   48   48   48   48   48   48   48   48   48   48   48   48   48   48
679   48   0   1   1   1   1   1   1   1   1   1   1   2   11   11   12   12   12   12   12   12   12   14   14   14   14   14   14   14   14   14   14   15   15   15   15   15   15   15   15   15   15   15   16   16   16   17   17   17   18   18   18   18   19   19   19   24   24   24   24   24   24   24   24   24   24   24   24   24   24   24   24   24
2802   34   0   0   5   5   5   5   5   5   5   5   5   5   5   5   5   6   6   9   9   9   9   13   16   16   16   16   16   16   16   16   25   26   26   32   32   33   33   33   33   33   33   33   33   33   33   33   33   33   33   44   44   44   44   44   44   44   44   44   44   44   44   44   44   44   44   44   44   44   44   44   44   44   44   44   44
2914   32   0   0   0   0   0   0   0   0   0   0   0   0   0   0   0   0   0   0   0   0   0   0   0   0   0   8   8   8   8   9   9   9   9   9   9   9   9   9   9   9   9   9   9   9   9   9   9   9   9   9   9   9   9   9   9   9   9   9   9   9   9   9   9   9   9   9   9   9   9   9   9   9   9   11   11
2990   20   0   4   4   4   4   4   18   18   18   18   18   18   18   18   20   20   20   20   20   20   20   20   30   30   30   30   30   30   30   30   30   30   30   30   30   30   30   30   30   30   30   30   30   30   30   30   30   30   30   30   30   30   30   30   30   32   33   33   33   34   34   34   36   37   38   38   38   38   38   38   38
5084   21   0   20   20   20   20   20   20   20   20   20   20   20   20   20   20   20   20   20   20   20   20   20   20   20   20   20   20   20   20   35   35   35   35   35   35   35   35   35   35   35   35   35   35   35   35   35   35   35   35   35   35   35   35   35   35   35   35   35   35   35   35   35   35   35   35   35   35   35   35   35   35   35   35   35   35
5162   30   0   0   0   0   0   0   0   0   0   1   1   1   1   1   1   1   1   7   8   9   9   9   9   9   9   10   10   10   10   10   17   17   23   23   23   23   23   23   23   23   23   23   23   23   23   23   23   23   23   23   23   23   23   23   23   23   23   23   23   23   23   23   23   23   24   24   24   24   24   24   24   24   24   24   24
5246   20   0   1   1   1   1   5   5   5   5   5   5   5   5   5   7   7   7   7   16   16   18   19   19   19   19   19   19   19   19   19   22   22   22   22   22   22   22   22   23   24   24   28   28   28   29   29   29   29   29   29   29   29   29   29   30   30   30   30   30   30   30   30   30   30   30   30   30   30   30   30   30   30   30   30   30
5316   25   0   0   0   0   0   0   0   0   0   0   1   2   2   2   2   16   16   16   16   16   16   17   17   17   17   17   18   18   18   19   19   19   20   20   27   27   27   27   27   27   27   27   27   27   27   27   27   27   27   27   27   27   27   27   27   27   27   27   27   27   27   27   27   27   27   27   27   28   28   28   28   29   29   30   30
5397   44   0   0   8   8   10   10   10   10   10   10   10   10   10   10   10   10   10   10   10   10   10   10   10   10   10   10   10   10   10   10   10   10   10   10   10   10   10   10   10   10   10   17   18   18   18   18   18   18   18   18   18   18   18   18   18   18   19   19   19   19   19   19   19   19   19   19   19   19   20   20   21   21   21   21   21
5507   17   0   5   5   5   5   10   11   11   11   11   12   12   12   13   13   13   13   14   14   14   17   17   18   18   18   18   18   39   39   39   39   39   39   39   39   39   39   39   39   39   39   39   39   39   39   39   39   39   39   39   39   39   39   39   39   39   39   39   39   39   39   39   39   39   39   39   39   39   39   39   39   39   39   39   39
5581   20   0   0   0   0   31   31   31   31   31   31   31   31   31   31   31   31   31   31   31   31   31   31   31   31   31   31   31   31   31   31   31   31   31   31   31   31   31   31   31   31   31   31   31   31   31   31   31   31   31   31   32   32   32   32   32   32   32   32   32   32   32   32   32   32   32   32   32   32   32   32   32   32   32   32   32
5653   21   0   0   26   26   26   26   31   31   31   31   31   31   31   31   31   31   31   31   31   31   31   31   31   31   31   31   31   31   31   31   31   31   31   31   31   31   31   31   31   31   31   31   31   31   31   31   31   31   31   31   31   31   31   31   31   31   31   31   31   31   31   31   31   31   31   31   31   31   31   31   31   31   31   31   31
5727   23   0   1   1   1   1   14   14   14   15   15   15   15   15   17   18   18   19   19   19   19   19   19   19   19   19   19   19   22   22   28   28   28   28   28   28   28   28   28   28   28   28   28   28   28   28   28   28   28   28   28   28   28   28   28   28   28   28   28   28   51   51   51   51   51   51   51   51   51   51   51   51   51   51   51   51
5824   30   0   0   0   1   2   2   2   2   2   2   2   2   2   2   2   3   7   7   7   7   7   7   9   9   9   9   9   9   9   9   9   9   9   10   10   10   10   11   13   13   13   15   15   15   15   15   15   15   16   16   16   16   16   16   16   16   16   16   16   17   17   17   19   19   19   19   20   21   21   21   21   21   21   21   21
5905   46   0   4   6   6   6   6   6   6   13   14   14   14   14   14   14   14   14   35   35   35   35   35   35   35   35   35   35   35   35   35   35   35   35   35   35   35   35   35   35   35   35   35   35   35   35   35   35   35   35   35   35   35   35   35   35   35   35   35   35   35   35   35   35   35   35   35   35   35   35   35   35   35   35   35   35
6032   28   0   1   1   1   1   1   1   1   1   1   1   5   5   5   5   6   6   6   6   6   6   11   11   11   12   12   13   13   13   23   23   23   23   23   23   23   23   23   23   23   23   23   23   23   23   23   23   23   23   23   23   23   23   23   23   24   24   24   24   31   31   31   31   31   31   31   31   31   31   32   32   32   32   32   32
6120   21   0   0   3   3   4   4   13   13   13   13   13   13   13   13   13   13   13   13   13   13   13   13   13   13   13   13   13   13   17   17   17   17   17   17   17   17   17   40   40   40   40   40   40   40   40   40   40   40   40   40   40   40   40   40   40   40   40   40   40   40   40   40   40   40   40   40   40   40   40   40   40   40   40   40   40
6202   16   0   5   5   7   7   8   8   8   8   11   12   12   21   21   21   21   21   21   21   21   21   21   21   21   21   21   21   21   21   24   24   24   24   24   24   24   24   24   25   25   25   25   25   25   25   25   26   26   27   27   27   27   27   27   28   28   28   29   29   37   37   37   49   50   50   50   50   50   50   50   50   50   50   50   50
6286   20   0   0   0   2   3   3   8   8   9   9   9   9   9   9   9   9   9   9   9   9   9   9   9   9   9   9   9   9   9   9   9   18   18   18   18   18   18   18   18   18   18   18   18   18   18   18   18   18   19   19   31   31   31   31   36   36   36   36   36   36   36   36   36   36   36   36   36   36   36   36   36   36   36   36   36
6362   20   0   7   7   8   8   8   8   33   33   33   33   33   33   33   33   33   33   33   33   33   33   33   33   33   33   33   33   33   33   33   33   33   33   33   33   33   33   33   33   33   33   33   33   33   33   33   33   33   33   33   33   33   33   33   33   33   33   33   33   33   33   34   34   34   34   34   34   34   34   34   34   34   34   34   34
6437   41   0   17   17   17   17   17   17   17   17   17   17   17   17   17   17   17   17   17   17   17   17   17   17   17   17   17   17   17   17   17   17   17   17   17   20   20   20   21   21   21   21   25   25   25   25   25   25   25   25   25   25   25   26   37   37   37   37   37   37   37   37   37   37   37   37   37   37   37   37   37   37   37   37   37   37
6556   25   0   0   0   0   0   0   0   0   21   21   21   21   21   21   21   21   21   21   21   21   21   21   21   21   21   21   21   21   21   21   21   21   21   21   21   21   21   21   21   21   21   21   21   21   21   21   21   21   21   21   21   21   21   21   21   21   21   21   21   21   21   21   21   21   21   21   21   22   22   22   22   22   22   22   22
6629   19   0   2   4   4   4   4   4   4   4   4   5   5   5   6   10   11   12   12   13   13   13   13   15   15   15   15   15   15   15   15   15   15   15   18   18   18   18   18   34   34   34   34   34   34   34   34   34   34   34   34   34   34   34   34   34   34   34   34   34   34   34   34   34   34   34   34   34   34   34   34   34   34   34   34   34
6701   21   0   0   0   0   0   0   6   6   7   7   13   13   13   13   13   13   13   15   15   15   15   15   16   16   16   16   16   16   16   16   16   16   16   16   16   16   16   16   18   18   18   18   18   18   18   20   20   20   20   20   20   20   20   20   20   21   21   21   21   22   22   22   25   25   41   41   41   41   41   41   41   41   41   41   41
6785   31   0   0   0   0   0   0   0   0   0   0   0   0   0   0   0   0   0   0   0   0   0   0   0   0   0   1   1   1   1   1   1   6   7   7   7   7   7   7   7   7   7   7   7   7   7   7   7   7   7   7   7   7   7   7   7   7   7   7   7   7   7   7   7   7   7   7   7   7   7   7   7   7   7   7   7
6855   19   0   0   0   1   2   10   10   10   10   10   10   10   10   10   10   35   35   35   35   35   35   35   35   35   35   35   36   36   36   36   36   36   36   36   36   36   36   36   36   36   36   36   36   36   36   36   36   36   36   36   36   36   36   36   36   36   36   36   36   36   36   36   36   36   36   36   36   36   36   36   36   41   41   41   41
6933   55   0   2   8   8   13   13   13   14   14   14   14   14   14   14   16   16   17   17   22   22   22   23   23   23   23   23   23   23   24   24   24   24   24   24   24   24   24   24   24   24   24   24   24   24   24   24   24   24   24   24   24   24   29   29   29   29   29   29   29   29   29   29   31   31   31   31   31   31   31   31   31   31   32   32   32
7074   22   0   3   3   3   23   23   23   23   23   23   23   23   23   23   23   23   23   23   23   23   23   23   23   23   23   23   23   23   23   23   23   23   23   23   23   23   23   23   23   23   23   23   23   23   23   23   23   23   23   23   23   23   23   23   23   25   25   25   25   25   25   25   25   25   25   26   26   26   26   26   27   27   28   28   28
7146   25   0   1   1   1   1   4   5   5   5   5   5   5   5   5   5   5   5   6   6   6   6   9   9   10   10   10   10   10   10   11   11   11   11   12   12   12   12   12   12   18   19   19   19   21   21   21   21   21   21   21   21   21   21   21   21   21   21   21   21   21   21   21   21   21   21   21   21   22   22   22   22   22   23   23   23
7219   30   0   0   0   0   0   0   0   0   0   0   0   0   0   0   0   0   0   0   0   0   0   0   0   0   0   0   0   0   0   0   0   0   0   0   0   0   0   0   0   0   0   0   0   0   0   0   0   0   9   9   11   11   12   12   12   12   12   12   12   12   12   13   13   13   13   13   13   13   13   13   13   14   14   14   14
7295   21   0   10   10   10   10   10   12   12   12   12   23   23   23   23   23   23   23   23   23   23   23   23   23   23   23   23   23   23   23   23   23   23   23   24   24   24   24   24   24   24   24   24   24   24   24   24   24   24   24   24   24   24   24   24   24   24   24   24   24   24   24   24   24   24   24   24   24   24   24   24   27   27   27   28   28
7365   26   0   0   0   0   0   0   0   3   5   5   6   6   6   6   6   6   8   8   8   8   8   8   8   8   9   9   9   9   9   9   9   9   9   9   13   13   18   18   18   18   18   18   18   18   18   18   18   18   18   18   18   18   18   18   18   18   18   18   18   18   18   18   18   19   20   20   20   20   20   21   21   21   21   21   22
7439   65   0   0   0   0   3   3   3   3   3   3   3   3   3   3   3   3   3   4   4   4   4   4   4   6   6   7   7   7   7   7   7   8   8   8   8   8   8   10   10   10   10   10   10   10   10   10   11   11   11   11   12   12   12   12   12   13   13   13   13   13   14   14   14   16   16   16   16   17   17   17   17   17   17   19   19
7588   19   0   6   6   6   6   6   6   6   9   10   10   10   10   10   11   11   11   11   12   12   12   12   18   19   19   19   19   19   32   32   32   32   32   32   32   32   32   32   32   32   32   32   32   32   32   32   32   32   32   32   32   32   32   32   32   32   32   32   32   32   32   32   32   32   32   32   32   32   32   32   32   32   32   32   32
7658   23   0   0   0   13   13   21   25   26   26   26   26   26   26   27   28   28   28   28   28   32   32   32   33   33   33   34   34   35   35   35   37   37   37   37   37   37   37   37   37   37   37   37   37   37   37   37   38   38   38   39   39   39   39   39   39   40   40   40   41   41   41   42   42   42   42   42   44   44   44   44   44   44   44   44   44
7750   26   0   0   0   0   0   0   0   0   0   0   0   0   0   0   0   0   0   0   1   1   1   1   1   1   1   1   1   1   1   1   8   9   9   9   9   9   9   9   9   9   9   9   9   9   9   9   9   9   9   9   9   9   9   9   9   9   9   9   9   9   9   9   9   12   12   12   12   12   12   14   14   14   14   14   14
7816   21   0   0   3   19   19   20   20   20   20   20   20   20   20   20   20   20   20   20   20   20   20   20   20   20   20   20   20   20   20   20   20   20   20   20   20   20   20   20   20   20   21   21   21   22   22   22   23   23   23   23   23   23   24   24   24   24   24   25   25   25   25   25   26   26   26   26   26   26   26   26   27   28   28   28   28
7885   26   0   0   0   0   0   0   0   0   0   2   2   2   2   2   2   2   2   2   3   4   4   5   5   5   5   5   6   6   6   7   8   8   8   8   8   8   8   8   9   9   9   9   10   10   10   10   10   10   11   11   11   12   12   12   12   12   13   13   13   13   15   15   16   16   17   17   17   17   17   17   17   21   21   22   22
7959   20   0   0   7   7   7   7   7   7   104   104   104   104   104   104   104   104   104   104   104   104   104   104   104   104   104   104   104   105   105   106   106   106   106   106   106   107   107   107   110   110   115   115   115   115   115   115   115   115   115   115   115   115   115   115   115   115   115   115   115   115   115   115   115   115   115   115   115   115   115   116   116   116   116   116   116
8115   29   0   0   0   0   0   0   0   0   0   0   0   0   0   0   0   0   0   0   0   0   0   0   0   0   0   0   0   13   13   13   13   13   13   13   13   13   13   13   13   13   13   13   13   13   13   13   13   13   13   13   13   13   13   13   13   13   13   13   13   13   13   13   13   13   13   13   13   13   13   13   13   14   14   14   14
8186   20   0   5   5   5   15   15   22   22   22   22   36   36   36   36   37   37   37   37   37   37   37   37   37   37   37   37   37   37   37   37   37   37   37   37   37   37   37   37   37   37   37   37   37   37   37   37   37   37   37   37   37   37   37   37   37   37   37   37   37   37   37   37   37   37   37   37   37   37   37   37   37   37   37   37   37
8264   21   0   5   5   15   15   15   15   15   15   15   25   25   25   25   25   25   25   25   25   25   25   25   25   25   25   25   25   25   25   25   25   25   25   25   25   25   25   25   25   25   25   25   25   25   25   25   25   25   25   25   25   25   25   25   25   25   25   25   25   25   25   25   25   25   25   25   25   25   25   25   25   25   25   25   25
8331   21   0   0   19   19   19   19   19   19   19   19   19   19   19   19   19   19   19   19   19   19   19   19   22   22   22   22   22   22   22   22   22   22   22   22   22   22   22   22   22   22   22   22   22   22   22   22   22   22   22   22   22   22   22   22   22   22   22   22   22   26   28   28   28   28   28   28   28   28   28   28   28   28   28   28   28
8402   30   0   0   0   10   10   10   10   10   10   10   10   10   10   10   10   10   10   10   10   10   10   10   10   10   10   10   10   10   10   10   10   10   10   10   10   10   10   10   10   10   10   10   10   10   10   10   10   10   10   10   10   10   10   10   10   10   10   10   10   10   10   10   10   10   10   10   10   10   10   10   10   10   10   10   10
8472   17   0   0   2   5   5   5   5   8   8   8   8   8   8   8   8   8   8   8   10   10   10   12   12   20   20   20   20   20   20   20   26   26   26   26   26   26   26   26   26   26   26   26   26   26   26   26   26   26   26   26   26   26   26   26   26   26   26   26   26   31   31   31   31   31   31   31   31   31   31   31   31   31   31   31   31
8538   42   0   0   0   0   0   1   1   1   6   6   6   6   6   6   8   8   8   8   9   9   9   16   17   17   17   17   17   17   17   17   17   17   17   17   17   17   17   18   18   18   18   18   18   18   18   18   18   18   18   18   18   19   19   23   23   23   23   23   23   23   23   23   23   23   23   23   23   23   23   23   23   23   23   23   23
8645   21   0   0   1   1   1   1   1   4   4   5   5   6   6   6   6   6   13   13   14   14   14   14   14   14   14   14   14   14   15   21   21   21   21   21   21   21   21   21   21   21   21   21   21   21   21   28   28   28   28   28   28   28   38   39   39   39   39   39   39   39   39   39   39   39   39   39   39   39   39   39   39   39   40   40   40
8727   26   0   0   0   0   0   0   0   0   0   0   0   0   0   0   1   1   1   1   1   1   1   1   1   1   1   6   6   8   8   8   8   9   9   9   9   12   12   12   12   12   12   12   12   18   18   18   18   18   18   18   18   18   18   18   18   18   18   18   19   19   19   19   19   19   19   19   19   19   19   19   19   19   19   19   19
8804   24   0   0   0   1   3   6   7   7   7   7   7   7   7   7   7   7   7   7   7   7   7   7   13   13   14   14   14   14   14   14   14   14   14   14   14   14   14   14   14   14   14   14   14   14   14   14   15   15   15   20   20   26   31   31   31   31   31   31   31   31   31   31   31   31   31   31   31   31   31   31   31   31   31   31   31
8891   19   0   7   7   7   8   9   10   10   16   17   17   17   17   17   17   17   17   17   17   17   27   28   28   31   31   31   33   33   33   33   33   33   33   33   33   38   39   40   40   40   40   40   40   40   40   40   40   40   40   40   40   40   40   40   41   41   41   41   41   41   42   42   42   42   43   43   44   44   45   45   45   45   45   45   45
8975   20   0   2   22   22   31   35   35   35   35   35   35   35   35   35   35   35   35   35   35   35   35   35   35   35   35   35   35   35   35   35   35   35   35   35   35   35   35   35   35   35   35   35   35   35   35   36   36   36   36   36   36   36   37   37   37   37   37   37   37   37   37   37   37   37   37   37   37   42   42   42   42   42   42   42   42
9059   43   0   0   3   3   3   3   3   5   21   25   25   25   25   25   25   25   25   25   25   25   25   25   25   25   25   25   25   25   25   25   25   25   25   25   25   32   32   32   32   32   32   32   32   34   34   34   34   34   34   34   34   34   34   34   34   34   34   34   34   36   36   36   36   36   36   36   36   36   36   36   36   36   36   37   37
9182   39   0   0   0   0   0   0   0   0   0   0   0   0   0   0   0   0   0   0   0   0   1   1   1   1   1   1   1   1   1   1   1   1   1   1   1   1   1   1   1   1   1   1   1   1   1   1   1   1   1   1   1   1   1   1   1   1   1   1   1   1   1   1   1   1   1   2   2   2   2   2   2   2   2   2   2
9263   21   0   3   3   4   4   4   4   4   4   4   4   4   4   4   4   4   4   6   8   8   8   8   8   8   9   9   9   9   9   9   9   9   9   11   11   12   12   12   12   12   12   12   12   14   14   30   30   30   30   30   30   30   30   30   30   30   30   30   30   30   30   30   30   30   30   30   30   30   30   30   30   30   30   30   30
9336   24   0   0   0   0   1   1   1   1   1   1   1   7   7   7   8   9   9   9   10   10   10   10   11   11   11   29   29   29   29   29   29   29   29   29   29   29   29   29   31   31   31   31   31   32   32   33   33   33   33   33   34   34   35   35   35   35   35   35   35   35   36   36   36   37   37   37   39   39   39   39   39   39   39   39   39
9422   24   0   6   11   11   11   11   11   11   11   11   11   11   11   11   13   13   13   13   13   13   14   15   15   15   16   16   16   16   16   16   16   16   16   16   16   17   17   17   17   17   17   17   30   30   30   30   30   30   30   30   30   30   30   30   30   30   30   30   30   30   30   30   30   30   30   30   30   30   30   30   30   30   30   31   31
9500   20   0   2   2   2   10   10   10   10   10   10   10   10   10   10   10   10   10   23   23   23   23   28   28   28   28   28   28   28   28   28   28   28   28   28   28   28   28   28   28   28   28   28   28   28   28   29   29   29   32   34   34   35   35   35   35   35   35   35   35   35   35   35   35   35   35   35   35   35   35   35   35   35   35   35   35
9576   50   0   6   6   7   7   7   7   7   7   7   7   7   7   7   9   16   16   16   16   16   16   16   16   16   16   16   16   16   16   16   16   16   16   16   16   18   18   19   19   19   19   19   19   19   19   19   19   19   19   19   19   19   19   19   19   19   19   20   20   20   20   21   24   24   24   24   24   25   25   25   25   25   26   26   26
9702   23   0   4   4   4   9   9   9   10   10   11   11   11   17   17   17   17   17   17   17   19   19   19   19   19   19   19   19   19   19   19   19   19   19   19   28   28   28   28   28   28   31   31   31   31   31   31   31   31   31   31   31   31   31   32   32   32   32   32   32   32   32   32   32   32   32   32   32   32   32   32   32   32   32   32   33
9781   20   0   0   0   0   1   1   1   5   5   5   5   8   37   37   37   37   37   37   37   37   37   37   37   37   37   37   37   37   37   37   37   37   37   37   37   37   37   37   37   37   38   38   38   38   38   38   38   38   38   38   38   38   38   38   38   38   38   38   38   38   38   38   38   38   38   38   38   38   38   38   38   38   38   38   38
9859   21   0   0   6   6   6   6   6   6   6   6   6   28   28   28   28   28   28   28   28   28   28   28   28   28   28   28   28   28   28   28   28   28   28   28   28   28   28   28   28   28   28   28   28   28   28   28   28   28   28   28   28   28   28   28   28   28   28   28   28   28   28   28   28   28   28   28   28   28   28   28   28   28   28   28   28
9930   24   0   0   1   1   1   7   25   25   25   25   25   25   25   25   25   25   25   25   25   25   25   25   25   26   26   26   26   26   26   26   26   26   26   26   26   26   26   26   26   26   26   26   26   26   26   27   27   27   27   27   27   27   27   27   27   27   27   27   27   27   27   27   27   27   27   27   27   27   27   27   27   27   27   27   27
10006   20   0   0   1   1   7   7   8   8   8   8   8   9   9   9   9   10   13   13   13   14   14   15   15   16   16   16   16   16   16   16   16   17   17   17   17   17   18   18   19   19   19   21   21   21   21   21   21   21   21   21   21   21   39   39   39   39   39   39   39   39   39   39   39   39   39   39   39   39   39   39   39   39   39   39   39
10086   53   0   4   5   5   6   6   7   7   18   18   18   18   18   18   18   19   19   19   19   19   19   19   19   19   19   19   19   19   19   19   19   19   19   19   19   19   19   19   19   19   19   23   24   24   24   24   24   24   24   25   25   25   25   25   25   25   25   25   25   26   26   26   26   27   27   27   27   27   28   28   28   28   28   28   29
10221   24   0   1   2   2   2   2   3   3   3   3   3   3   4   4   4   5   5   5   5   5   27   27   27   27   27   27   27   27   27   27   27   27   27   27   27   27   27   27   27   27   27   27   27   27   27   27   27   27   27   27   27   27   27   27   27   27   27   27   27   27   27   27   27   27   27   27   27   27   27   27   27   27   27   27   27
10296   28   0   0   0   0   0   0   0   0   0   0   0   0   0   0   0   0   0   0   0   0   0   3   4   5   5   5   5   6   6   6   6   7   7   7   7   7   7   8   8   8   8   9   9   9   9   9   10   10   10   10   10   10   11   11   14   14   14   14   14   14   14   14   14   14   14   14   14   14   14   16   16   17   17   17   17
10370   20   0   0   6   6   6   13   13   13   13   13   13   13   13   13   13   13   13   13   13   13   13   13   13   13   13   13   13   14   14   29   29   29   29   29   29   29   29   29   29   35   35   35   35   35   35   35   35   35   35   35   35   35   35   35   35   35   35   35   35   35   35   35   35   35   35   35   35   35   35   35   35   35   35   35   35
10445   18   0   7   7   7   8   8   8   9   9   9   9   9   10   10   10   10   21   21   21   21   21   21   21   21   21   21   21   22   23   23   23   23   23   24   24   24   24   24   25   25   25   25   25   26   26   26   26   29   29   29   29   30   30   30   30   30   30   30   30   30   30   30   30   30   30   30   31   31   31   31   31   31   31   31   32
10512   20   0   0   0   3   3   25   25   25   25   25   25   25   25   25   25   25   25   25   25   25   25   25   25   25   25   25   25   25   25   25   25   25   25   25   25   25   25   25   26   26   26   26   26   26   26   26   26   26   26   26   26   26   26   26   26   26   26   26   26   26   26   27   27   27   30   30   30   31   31   31   32   32   32   33   33
10584   65   0   1   1   1   2   2   2   3   3   3   3   5   5   6   6   6   6   6   6   6   6   6   7   7   8   8   8   8   8   9   9   9   9   9   10   10   10   10   11   11   11   11   12   14   15   15   15   16   16   16   16   16   17   17   17   17   18   18   18   22   22   22   22   22   22   22   22   22   22   23   23   23   23   23   23
10737   18   0   6   6   6   9   10   10   10   11   11   11   11   12   12   12   12   12   13   13   13   13   14   14   14   14   15   17   18   18   18   18   18   19   19   19   19   20   20   20   21   21   21   21   21   22   22   22   23   23   23   23   25   25   25   36   39   44   44   44   44   44   44   44   44   44   44   44   44   44   44   44   44   44   44   44
10818   28   0   0   0   0   0   0   0   0   0   0   0   0   0   0   0   0   0   0   0   0   0   0   0   0   0   0   0   0   0   0   0   0   0   0   3   3   3   3   4   4   4   4   4   4   4   4   6   6   7   7   7   7   7   7   7   7   7   7   7   7   7   7   7   7   8   8   8   8   10   10   11   11   11   12   12
10886   25   0   1   2   2   2   2   2   2   2   3   3   3   8   8   10   10   10   11   11   11   11   11   11   12   12   13   14   15   15   15   15   15   15   15   15   15   15   15   15   16   16   16   17   17   17   17   23   25   25   28   28   28   29   29   29   29   29   29   30   30   30   30   30   31   31   31   31   31   32   32   32   32   33   33   33
10970   19   0   1   1   1   2   2   12   12   12   14   14   14   14   15   15   15   15   16   16   17   17   17   17   17   30   30   30   30   30   30   30   30   30   30   31   31   31   31   32   32   32   32   32   32   32   32   32   32   32   32   32   32   32   32   32   32   32   32   32   32   32   32   32   32   32   32   32   32   32   32   32   32   32   32   32
11041   20   0   0   1   4   7   7   7   7   8   8   8   8   8   9   9   9   15   19   29   29   29   29   29   29   29   29   29   29   29   29   29   29   29   29   29   29   29   29   29   29   29   29   29   29   29   29   29   29   29   29   29   29   29   29   29   29   29   29   29   29   29   29   29   30   30   33   33   33   33   33   33   34   34   34   34
11116   63   0   1   2   6   6   9   9   9   9   9   9   9   9   9   9   9   9   10   10   10   10   12   12   12   12   12   12   12   12   13   13   13   13   13   13   13   13   14   14   14   14   16   16   16   17   17   17   20   20   20   20   20   21   21   21   21   22   22   22   22   23   23   24   24   24   24   24   24   25   25   25   25   26   26   26
11268   21   0   0   0   1   3   3   4   4   4   4   4   5   5   5   5   6   6   6   6   7   7   7   13   13   13   32   32   32   32   32   32   32   32   32   32   32   32   32   32   32   32   32   32   32   32   32   32   32   32   32   32   32   32   32   32   32   32   32   32   32   32   32   32   32   32   32   32   32   32   32   32   32   32   32   32
11344   21   0   0   0   0   0   0   0   0   3   3   3   4   4   4   4   4   4   5   7   27   27   27   27   27   27   27   27   27   27   27   27   27   27   27   27   27   27   27   27   27   27   27   27   27   27   27   27   27   27   27   27   27   27   27   27   27   27   27   27   27   27   27   27   27   27   27   27   27   32   32   32   32   32   32   33
11418   19   0   0   0   0   1   1   3   4   4   4   4   4   5   6   9   9   9   9   10   10   10   10   10   10   10   11   11   11   11   12   15   15   15   16   16   16   19   19   20   20   20   21   21   23   23   23   23   23   23   23   23   23   25   25   25   25   25   31   31   31   31   31   31   31   31   31   31   31   31   31   31   31   31   31   31
11488   24   0   1   1   2   2   2   2   2   3   5   5   6   6   6   7   7   7   9   9   28   28   28   28   28   29   29   29   29   29   29   29   29   29   29   29   29   29   29   29   29   29   29   30   30   30   30   30   30   30   30   30   30   30   30   30   30   30   30   30   30   30   30   30   30   30   30   30   30   30   30   30   30   30   30   30
11567   19   0   3   3   6   6   7   7   7   7   25   25   25   25   25   25   25   25   25   25   25   25   25   25   25   25   25   25   25   25   25   25   25   25   25   25   25   25   33   33   33   33   33   33   33   33   33   33   33   33   33   33   33   33   33   33   33   33   33   33   33   33   33   33   33   33   33   33   33   33   33   33   33   33   33   33
11638   65   0   1   1   1   1   1   4   4   4   5   5   9   9   10   10   10   10   10   10   10   10   11   11   11   14   15   15   15   15   15   16   16   16   16   16   17   17   17   17   18   18   19   19   19   19   19   19   20   20   20   20   20   20   20   21   21   21   21   22   22   23   24   24   24   25   25   25   25   25   26   26   26   26   27   27
11796   29   0   0   0   0   0   0   0   0   0   0   0   0   0   0   0   0   0   0   0   0   0   0   0   0   0   0   0   0   0   1   1   1   1   2   2   2   2   2   3   3   4   4   5   5   5   5   5   5   6   6   6   7   7   7   7   7   7   8   8   8   8   11   12   12   12   12   12   12   13   13   13   14   14   14   14
11869   29   0   5   5   5   5   5   5   5   5   5   5   5   5   5   5   5   5   5   5   5   5   5   5   5   6   6   6   6   6   6   6   6   6   6   6   6   6   8   8   8   9   9   9   9   10   10   11   11   11   11   11   11   11   12   12   12   12   13   13   14   14   14   14   14   15   15   15   15   15   15   15   15   15   16   16
11944   21   0   0   0   0   1   1   5   5   5   5   25   26   26   26   26   26   26   27   27   28   28   28   28   28   28   28   28   28   28   28   28   28   28   28   28   28   28   28   28   28   28   28   28   28   28   28   28   28   28   28   28   28   28   28   28   28   28   28   28   28   28   28   28   28   28   28   28   28   28   28   28   29   29   30   30
12015   26   0   0   0   0   0   0   0   0   0   0   0   0   0   0   0   1   2   2   2   2   2   2   2   2   3   3   3   3   4   4   6   6   6   6   6   6   6   6   6   6   6   6   6   6   6   7   7   7   7   7   10   10   10   10   10   10   10   10   10   10   10   10   10   11   11   13   13   13   13   13   14   14   14   14   14
12083   25   0   0   0   0   0   0   0   0   0   0   0   0   2   2   2   2   2   2   2   2   3   3   3   3   3   3   14   14   14   14   14   14   14   14   14   14   14   14   14   14   14   14   14   14   14   14   14   14   14   14   14   14   14   14   14   14   14   14   14   14   15   29   29   29   29   29   29   29   29   29   29   29   29   29   29
12164   66   0   1   1   1   2   3   3   3   3   6   6   6   7   7   9   9   9   9   9   9   9   9   9   10   10   10   12   12   12   18   18   18   18   18   18   18   18   18   18   18   18   18   18   18   18   18   18   18   18   18   18   18   18   18   18   18   18   19   19   19   20   20   21   21   22   22   23   23   23   23   25   25   26   26   26
12321   26   0   0   0   0   0   0   0   0   0   0   0   0   0   0   0   0   6   6   6   6   6   6   6   6   6   6   6   6   6   6   6   6   6   6   6   6   7   7   26   26   26   26   26   26   26   26   26   26   26   26   26   26   26   26   26   26   26   26   26   26   26   26   26   26   26   26   26   26   26   26   26   26   26   26   26
12399   26   0   2   3   8   9   9   9   9   10   10   10   10   11   13   14   14   14   14   14   15   15   15   20   20   20   21   22   22   22   22   23   23   23   23   23   24   24   24   24   24   24   26   26   26   27   27   27   27   27   28   28   28   28   28   29   29   29   30   30   30   30   31   31   31   31   31   32   32   32   32   35   35   35   35   35
12488   35   0   0   0   0   0   0   0   0   0   0   0   0   0   0   0   0   0   0   0   0   0   0   0   0   0   0   0   0   0   8   9   9   9   9   9   9   9   9   9   9   9   9   9   9   9   9   9   9   9   9   9   9   9   9   9   9   9   9   9   9   9   10   10   10   11   11   12   12   12   12   12   12   12   12   12
12569   18   0   13   21   22   22   22   22   22   22   22   22   22   22   22   22   22   22   22   22   22   22   22   22   22   22   22   22   22   22   22   22   22   22   22   22   22   22   22   22   22   22   22   22   22   22   26   26   26   26   26   26   26   26   26   26   26   26   27   30   30   30   30   30   30   30   30   30   30   30   30   30   30   30   30   30
12636   19   0   0   0   0   0   4   4   4   4   4   4   4   5   5   7   7   9   12   12   12   12   12   12   12   12   12   18   18   18   18   18   18   18   18   18   18   18   18   18   22   22   22   22   22   22   25   25   25   25   25   25   25   25   25   25   25   25   25   25   25   25   25   25   25   25   40   40   40   40   40   40   40   40   40   40
12715   50   0   1   3   3   4   5   5   10   10   10   11   11   11   11   11   11   11   11   11   11   11   11   11   12   12   13   13   13   13   13   14   14   14   16   17   18   18   18   18   18   18   22   22   22   22   22   22   23   23   23   23   23   23   24   24   24   24   25   25   25   25   26   26   26   26   26   26   27   27   27   27   27   27   28   28
12844   18   0   0   0   1   13   14   14   14   14   14   14   14   14   14   14   14   14   14   14   14   14   14   14   14   14   14   14   14   14   14   14   14   14   14   14   14   14   14   14   31   31   31   31   31   31   31   31   31   31   31   31   31   31   31   31   31   31   31   31   31   31   31   31   31   31   32   32   32   32   32   32   32   32   32   32
12912   18   0   0   0   3   3   3   3   3   3   6   9   9   9   10   10   13   13   18   18   18   18   18   18   18   18   18   18   18   18   18   18   18   18   18   18   18   18   18   18   18   18   18   18   36   36   36   36   36   36   36   36   36   36   37   37   37   37   37   37   37   37   37   37   37   37   37   37   37   37   37   37   37   37   37   37
12986   17   0   0   7   7   7   7   10   10   10   10   11   11   11   11   12   12   12   12   12   12   20   20   20   20   20   20   20   20   20   21   21   21   21   21   21   21   21   21   21   21   21   21   21   21   21   21   21   21   21   22   24   24   24   24   24   24   24   24   25   25   25   25   38   38   38   38   38   38   38   38   38   38   38   38   38
13058   36   0   1   1   1   1   1   1   10   17   22   23   23   23   23   23   23   23   23   23   23   23   23   23   23   23   23   23   23   23   23   23   23   23   23   23   23   23   23   23   23   23   23   23   23   23   23   23   23   23   23   23   23   23   23   23   23   23   23   23   23   23   23   23   23   23   23   26   26   26   26   26   26   26   26   26
13157   19   0   0   0   1   1   1   2   2   3   3   3   11   11   20   20   20   20   20   20   20   20   20   20   20   20   20   20   20   20   21   21   21   21   21   21   21   21   21   21   21   21   21   21   21   21   21   22   22   23   23   23   23   23   24   29   29   39   39   39   39   39   39   39   39   39   39   39   39   39   39   39   39   39   39   39
13234   53   0   1   1   1   1   1   2   2   3   4   4   4   5   5   5   5   5   6   7   8   8   8   9   9   9   9   10   10   11   11   16   17   17   17   18   18   20   20   20   20   20   22   22   22   22   23   23   23   23   23   29   29   29   29   30   30   30   30   30   30   30   30   30   30   30   30   30   30   30   30   30   30   30   30   30
13370   20   0   0   1   1   2   2   2   12   12   12   12   12   12   13   13   13   16   16   17   17   17   17   17   17   17   18   18   18   18   19   19   19   20   20   20   20   20   21   21   21   26   26   46   46   46   46   46   46   46   46   46   46   46   46   46   46   46   46   46   46   46   46   46   46   46   46   46   46   46   46   46   46   46   46   46
13457   19   0   1   5   5   12   13   13   13   13   13   13   13   13   13   13   13   13   13   13   18   27   27   27   27   27   27   27   27   27   27   27   27   28   28   28   28   31   31   31   31   31   31   35   35   36   36   36   36   36   36   36   36   37   37   38   38   38   38   39   39   39   39   40   40   40   40   40   42   42   42   42   42   42   42   43
13539   36   0   0   1   1   1   1   1   2   2   2   2   2   3   3   3   3   3   8   8   11   11   11   11   11   11   12   13   13   13   13   13   14   14   14   14   14   14   15   15   15   15   16   16   16   16   16   16   17   17   18   18   18   18   18   20   22   22   22   22   22   22   22   22   22   22   22   23   23   23   23   23   23   24   24   24
13635   21   0   2   2   3   3   3   3   26   26   26   26   26   26   26   26   26   26   26   26   26   26   26   26   26   26   26   26   26   26   26   26   26   26   26   26   26   26   26   26   26   26   26   26   26   26   26   26   26   26   26   26   26   26   26   26   26   26   26   26   26   26   26   26   26   29   29   29   29   29   29   30   30   30   30   30
13707   21   0   0   0   0   0   0   4   4   26   26   26   26   26   26   26   27   27   27   27   27   27   27   27   27   27   27   27   27   27   27   27   27   27   27   27   27   27   27   27   27   27   42   45   45   45   45   45   45   45   45   45   45   45   45   45   45   45   45   45   45   45   45   45   45   45   45   45   45   45   45   45   45   45   45   45
13796   37   0   0   0   0   0   0   2   2   2   2   2   3   3   9   9   9   9   9   12   12   12   13   13   13   13   13   15   15   15   15   15   15   16   16   16   16   16   16   17   17   17   17   17   17   17   18   18   18   18   19   19   19   19   20   20   20   20   21   21   21   22   22   23   23   23   23   23   23   26   26   26   26   26   26   26
13896   21   0   5   5   5   5   5   5   5   5   5   5   5   5   5   5   5   5   5   6   6   6   7   7   7   8   8   8   8   28   29   29   29   29   29   29   29   29   29   29   29   29   29   29   29   29   29   29   29   29   29   29   29   29   29   29   29   29   29   29   29   29   29   29   29   29   29   29   29   29   29   29   29   29   29   29
13968   19   0   0   0   1   1   1   3   4   4   23   23   23   23   23   23   23   23   23   23   23   23   23   23   23   23   23   23   23   23   23   23   23   23   23   23   23   23   23   23   23   23   23   23   23   23   23   23   23   23   23   23   23   23   23   23   23   23   23   23   23   23   23   23   23   23   26   26   26   26   26   27   27   27   27   27
14033   20   0   0   1   1   1   3   3   3   3   3   3   10   10   11   11   11   13   13   13   13   14   14   16   16   17   17   17   17   17   17   17   17   17   17   17   18   18   18   19   19   19   19   19   19   19   20   20   20   20   20   23   23   23   23   24   24   24   25   25   25   25   26   26   26   26   26   26   27   27   27   27   27   28   28   30
14103   22   0   0   0   2   2   2   3   3   3   3   4   22   23   23   23   23   23   23   23   23   23   23   23   23   23   23   23   23   23   23   23   23   23   23   23   23   23   23   23   23   23   24   24   24   25   25   25   25   26   26   30   30   31   31   31   31   31   31   31   31   31   31   31   31   31   31   31   31   31   32   32   32   32   32   32
14178   19   0   0   3   4   4   4   8   8   8   8   8   8   8   9   9   9   9   9   9   10   10   10   10   11   11   11   12   29   30   30   30   30   30   30   30   30   30   30   30   30   30   30   30   30   30   30   30   30   30   30   30   30   30   30   30   30   30   30   30   30   30   30   30   30   30   30   30   32   32   32   32   32   32   32   32
14249   70   0   0   0   8   9   9   10   10   10   10   11   12   13   13   13   13   13   13   14   14   14   15   15   15   15   16   17   17   18   18   18   19   19   21   21   21   21   21   21   21   21   22   22   22   23   23   23   23   26   26   26   27   27   28   28   28   28   28   30   30   30   30   31   31   31   31   31   31   31   31   31   31   31   31   31
14421   19   0   0   5   5   5   5   22   22   22   22   22   22   22   22   22   22   22   22   22   22   22   22   22   40   40   40   40   44   44   44   44   44   44   44   44   44   44   44   44   44   44   44   44   44   44   44   44   44   44   44   44   44   44   44   44   44   44   44   44   44   44   44   44   44   44   44   44   44   44   44   44
16510   33   0   0   0   0   0   2   2   3   3   3   3   3   4   4   5   5   6   6   6   6   6   6   7   7   7   7   7   8   8   8   8   8   8   9   9   9   10   10   10   11   11   11   11   11   12   12   20   20   20   21   21   21   21   21   21   21   22   22   22   23   23   23   23   26   26   26   26   27   27   27   28   28   28   29   29
16606   22   0   5   6   7   7   7   9   9   9   9   9   9   9   9   9   9   10   10   10   10   11   11   11   11   12   12   12   12   14   14   14   14   14   14   14   14   14   14   14   14   14   15   33   33   33   33   33   33   33   33   33   33   33   33   33   33   33   33   33   33   33   33   33   33   33   33   33   33   33   34   34   34   34   34   34
16684   23   0   34   34   34   34   34   34   34   34   34   34   34   34   34   34   34   34   34   34   34   34   34   34   34   34   34   34   34   34   34   34   34   34   34   34   34   34   34   34   34   34   34   34   34   34   34   34   34   34   34   34   34   34   34   34   34   34   34   39   39   39   39   39   39   39   39   39   39   39   39   39
18773   24   0   1   16   17   22   27   31   32   32   32   34   34   34   34   34   34   34   35   35   36   36   36   36   37   37   37   37   38   38   38   38   38   38   39   39   39   40   40   40   40   41   41   42   42   42   43   43   43   43   43   44   44   44   44   45   45   45   45   46   46   46   46   47   47   50   50   50   51   51   51   51   53   53   53   53
18874   20   0   0   0   0   2   2   2   2   2   8   8   8   8   8   8   8   9   18   25   27   27   27   27   27   27   27   27   27   27   27   27   27   27   27   27   27   27   27   27   27   27   27   27   27   27   27   27   27   27   27   28   28   28   28   28   28   28   28   28   28   28   28   28   28   28   28   28   28   28   28   28   28   28   28   28
18943   29   0   0   4   4   4   4   4   4   4   4   4   4   4   4   4   4   4   4   4   4   4   4   4   7   7   7   7   8   8   8   8   8   8   9   9   9   9   9   10   10   10   10   10   11   11   11   13   13   13   13   13   13   13   13   13   13   13   13   13   14   14   14   14   14   15   15   15
21018   28   0   12   12   12   12   12   12   12   12   12   12   12   12   12   12   12   12   12   12   12   12   12   13   13   13   13   13   13   13   14   14   14   15   15   15   15   16   16   16   16   16   16   17   17   17   17   17   18   18   18   18   18   19   19   19   19   21   21   21   23   23   28   28   28   28   28   28   28   28   28   28   28   28   29   29
21103   50   0   1   2   2   3   3   3   3   4   4   5   5   5   6   6   6   6   6   7   7   7   7   8   10   10   14   14   14   14   14   14   14   14   14   14   14   14   14   14   14   14   18   18   18   18   24   24   24   24   24   24   24   24   24   24   26   26   26   26   26   26   26   26   27   27   27   27   27   27   27   28   28   29   29   29
21233   22   0   5   5   5   5   5   5   5   6   6   6   6   6   6   7   7   7   7   8   8   8   20   20   20   20   20   20   20   20   20   20   20   20   20   20   20   20   20   20   20   20   20   20   20   20   20   20   20   20   20   20   20   20   20   20   20   20   20   20   20   20   20   20   20   20   20   33   34   34   34   34   34   34   34   34
21310   35   0   0   0   0   0   0   1   1   1   1   1   1   1   1   1   1   1   1   1   1   1   1   1   1   1   1   1   1   1   1   1   1   1   1   1   1   1   1   1   1   1   1   1   1   1   1   1   1   1   1   1   1   1   1   1   1   1   1   1   1   1   1   1   1   1   1   1   1   1   1   1   1   1   1   1
21381   18   0   22   25   25   25   25   25   25   25   25   25   25   25   25   25   25   25   25   25   25   25   25   25   25   25   25   25   25   25   25   25   25   25   25   25   25   25   25   25   25   25   25   26   26   26   26   26   26   26   26   26   26   26   26   26   26   26   27   27   27   27   27   27   27   27   27   27   27   28   28   28   28   29   29   30
21446   30   0   0   0   0   0   1   1   1   1   1   1   1   1   1   1   1   1   1   1   1   1   1   1   1   1   2   2   2   2   2   2   2   2   2   2   2   2   2   2   2   2   2   2   2   2   2   2   2   2   5   5   6   6   6   7   7   7   7   7   7   8   8   8   9   9   9   9   9   9   10   10   10   10   11   11
21518   19   0   28   28   28   28   29   29   29   29   29   29   29   29   29   29   29   29   29   29   29   29   29   29   29   29   29   29   29   29   29   29   29   29   29   29   29   29   29   29   29   29   29   29   29   29   29   29   29   29   29   29   29   29   29   29   29   29   29   29   29   29   29   29   29   29   29   33   33   33   33   34   34   34   34   34
21590   20   0   0   1   2   2   5   5   6   6   6   7   8   8   8   8   8   8   8   8   8   8   9   9   9   9   9   95   95   95   96   96   96   96   100   100   100   100   101   101   101   103   103   103   103   103   103   103   103   104   104   104   104   104   104   105   105   105   105   105   105   105   105   106   106   106   106   107   107   107   107   108   108   108   108   108
21739   17   0   7   7   7   9   9   9   9   9   9   9   10   10   10   10   10   13   13   16   16   16   16   16   17   17   17   17   18   18   18   19   19   19   19   19   20   20   20   20   20   21   21   21   21   22   22   22   22   22   23   25   25   25   25   25   29   29   29   29   30   30   30   30   30   30   30   30   30   30   31   31   32   32   32   32
21806   21   0   0   0   0   18   19   19   19   19   19   19   19   19   19   19   20   20   20   21   21   23   23   23   23   23   23   23   23   24   24   24   24   24   24   25   25   25   25   25   26   26   26   26   26   26   27   27   30   30   30   31   31   31   31   31   31   31   31   31   31   32   32   32   32   33   33   33   33   33   34   34   35   35   35   35
21883   18   0   4   5   5   5   6   6   6   6   7   7   8   8   8   8   8   9   9   9   10   10   13   13   13   13   23   23   23   23   23   23   23   23   23   23   23   23   23   23   23   23   23   23   25   25   25   25   25   25   25   25   25   26   26   26   26   27   27   27   27   27   27   27   27   28   28   28   28   29   29   29   29   29   30   30
21949   23   0   0   3   5   5   5   5   6   6   6   6   6   7   7   10   10   10   10   10   10   10   10   10   10   10   14   14   14   14   14   14   14   14   14   14   14   14   14   14   14   16   16   16   16   16   16   21   21   21   21   21   21   21   21   21   21   21   21   21   21   21   21   21   21   21   21   21   26   26   26   26   26   26   26   26
22021   28   0   0   0   0   0   0   0   0   0   2   3   3   3   3   3   3   3   3   3   3   3   3   3   3   3   3   3   3   3   3   3   3   3   3   3   3   3   3   3   3   3   3   6   6   14   14   14   14   14   14   14   14   14   25   25   25   25   25   25   25   25   25   25   25   25   25   25   25   25   25   25   25   25   25   25
22102   21   0   1   11   11   11   11   11   11   12   12   13   13   13   21   21   21   21   21   33   33   33   33   33   33   33   33   33   33   33   33   33   33   33   33   33   33   33   33   33   33   33   33   34   34   34   34   34   34   34   34   34   34   34   34   34   34   34   34   34   34   34   34   34   34   34   34   34   34   34   34   34   34   34   34
24181   31   0   0   0   0   0   0   0   0   0   0   0   0   0   0   0   7   8   9   9   9   10   10   10   10   10   11   11   11   11   11   12   12   12   12   12   13   13   13   13   14   14   14   14   14   15   15   15   15   16   16   16   16   16   18   18   18   18   20   20   20   21   21   22   22   22   22   23   24   24   24   24   24   24   24   24
24267   41   0   0   1   1   4   4   4   4   5   5   6   6   6   6   6   7   7   7   8   8   8   8   8   9   9   9   9   10   10   10   10   11   11   14   14   15   15   15   15   16   16   16   16   16   16   17   17   17   17   17   18   18   21   21   21   21   21   21   21   21   21   21   21   21   21   21   21   22   22   22   22   25   25   25   25
24374   22   0   0   5   5   6   7   7   7   7   7   7   8   8   8   8   9   9   9   30   30   30   30   31   31   31   31   31   31   31   31   31   31   31   31   31   31   31   31   31   31   31   31   31   31   31   31   31   31   31   31   31   31   31   31   31   31   31   31   31   31   31   31   31   31   31   31   31   31   31   31   31   31   31   31   31
24449   25   0   0   0   0   4   4   4   4   4   4   4   4   4   4   4   4   4   4   4   4   4   4   4   4   5   5   7   7   8   8   10   10   14   14   14   14   14   14   14   14   14   14   14   14   14   14   14   14   14   14   14   14   14   14   14   14   14   14   15   15   15   15   15   16   16   16   16   16   18   18   18   18   18   18   18
24518   41   0   0   0   0   0   0   0   0   0   0   0   0   0   0   0   0   0   0   0   0   0   0   0   0   0   0   0   0   5   5   5   5   5   5   5   5   5   5   5   5   5   5   5   5   5   5   5   5   5   5   5   5   5   5   5   5   5   5   5   5   5   5   5   5   5   5   5   5   5   6   6   6   6   7   7
24608   19   0   0   0   1   1   2   2   2   3   8   38   38   38   38   38   38   38   38   38   38   38   38   38   38   38   38   38   38   38   38   38   38   38   38   38   38   38   38   38   38   38   38   38   38   38   38   38   38   38   38   38   38   38   38   38   38   38   38   38   38   38   38   38   38   38   38   38   38   38   38   38   38   38   38   38
24685   19   0   0   0   3   4   4   4   4   4   6   15   15   15   15   16   16   16   33   38   38   38   38   38   38   38   38   38   38   38   38   38   38   38   38   38   38   38   38   38   38   38   38   38   38   38   38   38   38   39   39   39   39   39   39   39   39   39   39   39   39   39   39   39   39   39   39   39   39   39   39   39   39
26771   19   0   2   7   7   7   33   33   34   34   34   34   34   34   34   34   34   34   34   34   34   34   34   34   34   34   34   35   35   35   35   35   35   35   35   35   35   35   35   35   35   35   35   35   35   36   36   36   36   37   37   40   40   40   40   40   40   40   40   41   41   41   42   42   42   42   42   43   43   43   43   43   43   43   43   44
26854   62   0   8   9   9   9   9   9   9   10   10   15   15   15   16   16   17   17   17   17   18   18   18   18   18   19   19   20   20   23   24   25   25   25   25   26   26   26   26   26   26   26   27   27   27   28   28   28   28   28   28   29   29   29   29   30   30   30   30   31   31   31   32   32   32   32   32   33   33   33   33   33
29014   32   0   0   0   0   0   0   0   0   0   0   0   0   0   0   0   0   0   0   0   1   5   5   5   5   13   15   17   17   17   17   17   17   17   17   18   18   18   19   19   19   19   19   20   20   20   20   21   21   22   22   22   22   22   22   23   23   23   23   23   25   25   25   25   25   25   25   25   26   29   29   29   29   29   29   30
29109   22   0   1   1   2   2   2   2   2   15   15   15   15   15   15   15   15   15   15   15   15   15   15   15   15   15   15   15   15   15   15   16   16   16   16   16   16   16   16   16   16   16   16   33   33   33   33   33   33   43   43   43   43   43   43   43   43   43   43   43   43   43   43   43   43   43   43   43   43   43   43   43   43   43   43   43
29196   22   0   16   16   16   16   16   16   16   16   16   16   16   16   16   16   16   16   16   16   16   16   27   27   27   27   30   30   30   30   31   31   31   32   32   32   32   33   33   33   33   34   34   34   34   34   35   35   35   35   36   36   36   37   37   37   37   37   38   38   38   39   39   39   40   40   40   40   41   41
31285   23   0   0   0   0   0   19   19   19   19   19   19   19   19   19   19   19   19   19   19   19   19   19   19   19   19   19   19   19   19   19   19   19   19   19   19   19   19   19   23   23   23   23   23   23   23   23   23   23   23   23   23   23   23   23   23   23   25   25   25   25   25   25   25   25   25   25   25   25   25   25   28   28   29   29   29
31360   23   0   1   1   1   1   1   2   3   3   4   5   5   6   6   6   6   6   7   7   7   7   7   7   7   8   8   8   8   9   9   9   9   30   35   36   36   36   36   36   36   36   36   36   36   36   36   36   36   36   36   36   36   36   36   36   36   36   36   36   36   36   36   36   36   36   36   36   36   36   36   36   36   36   36   36
31442   22   0   0   0   0   1   1   1   5   13   13   13   13   15   15   15   15   15   15   16   16   16   16   17   17   17   17   18   18   18   19   22   22   22   22   23   23   23   23   24   24   24   24   25   25   26   26   26   26   26   26   27   27   28   28   29   29   29   31   31   31   31   31   31   31   31   31   31   32   32   32   32   32   32
33521   27   0   0   0   1   1   1   1   1   2   2   2   2   23   23   23   23   23   23   23   23   23   23   23   23   23   23   24   24   24   24   24   24   24   24   24   24   24   24   24   24   24   24   24   24   24   24   24   24   24   24   24   24   24   24   24   24   24   24   24   24   24   24   25   25   26   26   26   26   26   26   26   27   27   27   27
33601   22   0   21   27   30   30   30   30   30   30   30   30   30   30   30   30   30   30   30   30   30   30   30   30   30   30   30   30   30   30   30   30   30   30   30   30   30   30   30   30   30   30   32   32   32   32   32   32   32   32   32   32   32   32   32   32   32   32   32   32   32   32   32   32   32   32   32   32   32   32   32   32   32   32   32   32
33677   56   0   0   2   13   13   13   14   17   17   17   18   19   19   20   20   20   20   21   23   24   24   24   25   25   25   25   25   25   26   26   26   26   26   26   26   26   28   28   28   28   28   28   29   29   29   29   29   29   29   30   30   30   30   30   31   32   32   32   32   32   32   32   32   33   33   33   33   34   34   34   34   34   37   37   37
33828   21   0   0   0   1   1   1   2   6   6   6   6   30   30   30   30   30   30   30   30   30   30   30   30   30   30   30   30   30   30   30   30   30   30   30   30   30   30   30   30   30   30   30   30   30   30   30   30   30   30   30   30   30   30   30   30   30   30   30   30   30   30   30   30   30   30   30   30   30   30   30   30   30   30   30   30
33901   21   0   11   12   12   12   14   14   14   14   14   14   16   16   16   16   16   16   16   17   17   17   17   18   18   18   18   18   19   19   22   23   23   23   23   23   24   24   24   25   25   25   25   26   26   26   26   26   27   27   27   27   28   28   28   28   29   29   29   30   30   30   31   31   31   32   32   32   32   33   33   33   33   33   34
35977   27   0   0   3   3   3   4   5   5   5   5   5   5   5   5   5   6   6   6   6   6   7   7   7   7   8   8   9   9   9   9   9   10   10   10   10   10   10   10   12   12   12   12   12   12   12   12   13   13   14   16   16   16   16   16   16   16   17   17   19   19   19   19   19   19   19   19   22   22   22   22   22   22   22   23   23
36055   23   0   10   11   11   11   11   12   13   13   13   13   13   16   16   16   18   18   18   18   18   18   18   18   18   32   32   47   47   47   47   47   47   47   47   47   47   47   47   47   47   47   47   47   47   47   47   47   47   47   47   47   47   47   47   47   47   47   47   47   47   47   47   47   47   47   47   47   47
38155   27   0   11   11   11   11   12   12   12   12   12   12   12   12   12   12   12   12   12   12   12   12   12   12   12   12   12   12   12   12   12   12   12   12   12   12   12   12   12   12   12   12   12   12   12   12   12   12   12   12   12   12   12   12   12   12   12   12   13   13   18   18   18   18   18   18   18   18   18   18   18   18   18   18   18   18
38228   23   0   0   0   0   0   0   0   4   5   6   6   6   6   7   7   7   7   7   7   8   8   8   8   9   9   11   11   11   11   11   11   11   11   11   20   20   20   20   20   20   20   20   20   20   20   20   20   20   20   20   20   20   20   20   20   20   20   20   20   20   20   29   29   29   29   29   29   29   29   29   29   29   29   29   29
38303   21   0   0   0   6   6   7   7   8   9   9   9   9   9   9   9   9   10   10   10   11   11   11   11   12   12   12   12   12   12   13   13   17   20   20   20   20   20   20   20   35   35   35   35   35   35   35   35   35   35   35   35   35   35   35   35   35   35   35   35   35   35   35   35   35   35   35   35   35   35   35   35   35   35   36   36
38382   67   0   0   0   0   4   4   4   4   4   5   6   6   6   6   7   7   7   7   8   9   9   9   9   11   12   12   12   12   12   12   12   12   12   12   13   13   13   14   14   14   14   14   14   15   15   16   16   16   16   16   16   17   17   17   17   17   17   19   19   19   19   19   19   20   20   20   20   20   20   23   23   23   23   24   24
38540   20   0   1   11   11   11   11   11   11   11   11   11   11   11   11   11   11   11   11   11   11   11   12   12   12   13   13   13   15   15   16   16   16   16   16   16   16   16   16   16   16   24   24   33   33   33   33   33   33   33   33   33   33   33   33   33   33   33   33   33   33   33   33   33   33   33   33   33   33   33   33   33   33   33   33   33
38613   21   0   1   3   4   4   4   4   4   4   4   4   4   4   4   5   5   5   6   6   6   6   6   24   24   24   24   24   24   24   24   24   24   24   24   24   24   24   24   24   24   24   24   24   24   24   24   24   24   24   24   24   24   24   24   24   24   24   24   24   24   24   24   24   24   24   24   24   24   24   24   24   24   24   24   24
38681   29   0   0   0   0   0   0   0   0   0   0   0   0   0   0   0   0   0   0   0   0   0   0   0   0   9   9   9   9   9   9   9   9   9   9   9   9   9   9   9   9   9   9   9   9   9   9   9   9   9   9   9   9   9   9   9   9   9   9   9   9   9   9   9   9   9   9   9   9   10   10   10   10   11   11   11
38751   25   0   0   1   1   2   2   2   2   2   2   2   3   4   4   4   4   4   4   5   5   5   6   6   6   7   7   7   7   8   8   8   8   8   9   9   9   9   10   10   10   10   10   10   10   11   11   13   13   13   14   14   14   14   15   15   15   15   15   16   16   16   18   18   18   18   18   18   18   18   19   19
40824   18   0   0   1   1   1   2   3   3   3   3   3   4   4   4   12   12   12   13   13   13   13   13   14   14   34   34   34   34   34   34   34   34   34   34   34   34   34   34   34   34   34   34   34   34   34   34   34   34   34   34   34   34   34   34   34   34   36   36   36   36   36   36   36   36   36   36   36   36   36   36   36   36   36   36   36
40897   33   0   0   0   0   0   0   0   0   0   0   0   0   0   0   0   0   0   0   0   0   0   0   1   1   1   1   1   1   1   1   1   1   1   1   1   1   1   1   1   1   1   1   1   2   3   3   4   4   5   5   6   6   6   6   6   6   7   7   7   7   7   8   8   8   8   8   9   9   9   9   9   9   10   10   10
40973   26   0   0   0   8   8   12   12   12   12   12   12   12   12   97   97   98   98   99   99   99   99   100   100   100   100   101   101   102   102   103   103   106   106   106   106   108   108   108   109   109   110   110   110   110   110   111   111   111   111   111   112   112   112   113   113   113   113   114   114   114   115   115   115   115   116   116   116   116   117   117   117   117   118   118   124
41150   19   0   1   1   1   1   1   1   2   2   4   5   5   5   6   6   8   9   10   10   10   10   11   11   11   11   12   12   12   12   13   13   13   13   16   16   16   16   16   17   17   18   18   18   18   19   19   19   19   19   20   20   20   20   21   21   21   22   22   22   22   22   23   23   23   23   31   31   31   31   31   31   31   31   31   31
41219   22   0   0   0   0   0   8   8   8   8   9   9   9   9   10   10   10   10   10   10   11   11   11   11   12   12   12   12   12   12   12   13   13   13   13   14   14   14   14   14   14   15   15   15   15   16   34   35   35   35   35   35   35   35   35   35   35   35   35   35   35   35   35   35   35   35   35   35   35   35   35   35   35   35   35   35
41299   21   0   0   1   1   1   2   2   2   2   3   3   4   4   4   4   4   4   4   6   6   6   23   23   23   23   23   23   23   23   23   23   23   23   23   23   23   23   23   23   23   23   23   23   24   24   24   24   24   24   24   24   24   24   27   27   27   27   27   27   27   27   27   27   27   27   27   27   27   27   27   27   27   27   27   27
41367   29   0   0   1   1   3   3   4   4   4   4   4   5   5   5   5   5   6   10   11   11   11   11   11   11   11   11   11   11   11   11   12   12   12   12   12   12   12   12   13   13   13   13   14   14   14   14   15   15   15   15   16   16   16   16   16   16   17   17   17   18   18   18   19   19   19   19   19   20   20   23   23   23   23   23   23
41449   29   0   0   0   0   0   0   0   0   0   0   0   0   0   0   0   0   0   0   0   0   0   0   0   0   0   0   0   1   1   8   8   13   13   13   13   13   13   13   13   13   13   13   13   13   13   14   14   14   14   14   14   14   14   14   14   14   14   14   14   14   14   14   14   14   14   14   14   14   14   14   14   14   14   14   14
41521   63   0   1   1   1   2   2   2   3   3   4   4   4   5   5   5   5   5   5   5   5   5   6   6   9   9   9   9   9   9   9   9   9   9   9   9   9   12   13   15   15   15   15   15   15   15   15   15   15   15   15   15   15   16   16   17   17   17   17   17   17   21   24   24   24   24   24   24   24   24   24   24   24   24   24   24
41672   22   0   0   0   0   0   1   1   1   10   11   12   12   12   12   25   26   26   26   26   26   26   26   26   26   26   26   26   26   26   26   26   26   26   32   32   32   32   32   32   32   32   32   32   32   32   32   32   32   32   32   32   32   32   32   32   32   32   32   32   32   32   32   32   32   32   32   32   32   32   32   32   32   32   36   36
41751   23   0   4   5   5   5   5   5   5   5   5   6   6   6   6   7   7   7   8   8   8   9   9   9   10   10   10   10   10   11   11   11   11   12   12   12   12   13   13   13   13   14   14   14   14   15   15   16   16   16   16   16   17   17   30   30   30   30   30   30   30   30   30   30   30   30   30   30   30   30   30   30   30   30   30   30
41828   28   0   9   9   9   9   9   9   9   9   9   9   9   9   9   9   9   9   14   14   14   14   15   15   15   16   16   16   16   16   17   17   17   17   17   18   18   19   19   19   22   22   22   22   23   23   23   24   24   24   24   25   25   25   25   25   25   26   26   26   26   27   27   27   27   27   28   28   28   28   28   28   29   29   29   29
41913   32   0   0   1   1   1   1   1   1   1   1   1   1   1   1   1   1   2   2   2   2   2   2   2   2   2   2   2   2   2   2   2   2   2   2   2   2   2   2   2   2   2   2   3   3   3   3   3   4   4   4   4   4   4   6   6   6   6   9   9   9   9   9   10   10   10   10   10   10   10   10   10   10   10   10   10
41987   23   0   0   9   9   9   9   9   9   9   9   9   9   9   9   9   9   9   9   9   10   10   10   11   11   11   11   12   12   32   33   33   33   33   33   33   33   33   33   33   33   33   33   33   33   33   33   33   33   33   33   33   33   33   33   33   33   33   33   33   33   33   33   33   33   33   33   33   33   33   33   33   33   33   33   34
42066   54   0   0   6   8   8   8   8   8   10   10   10   10   10   10   11   12   12   26   26   26   26   26   26   26   26   26   26   26   26   26   26   26   26   26   26   26   26   26   26   26   26   26   26   26   26   26   26   26   26   26   26   26   30   30   30   30   30   32   32   32   32   32   34   34   34   34   34   35   35   35   35   35   35   35   35
42211   20   0   0   0   1   1   1   1   3   3   3   3   3   9   9   9   10   10   10   10   10   11   11   11   11   13   13   13   13   14   14   14   14   14   14   15   15   15   15   15   15   17   17   17   18   18   18   18   18   18   18   18   18   19   19   19   19   40   40   41   41   41   41   41   41   42   42   42   42   42   42   42   42   42   42   43
42293   33   0   0   4   5   5   5   5   8   8   8   8   8   9   9   10   10   10   10   10   16   16   18   18   18   18   21   26   26   27   27   27   27   27   27   27   27   27   27   27   27   27   27   27   27   27   27   27   27   27   27   27   27   27   27   27   27   28   28   28   28   28   28   28   29   29   29   29   30   30   30   30   30   30   31   31
42391   29   0   1   1   1   1   4   4   4   27   27   27   27   27   27   27   27   27   27   27   27   27   27   27   27   27   27   27   27   27   27   27   27   27   27   27   27   27   27   27   27   27   27   27   27   27   27   27   27   27   27   27   27   27   27   27   27   27   27   27   27   27   30   30   30   30   30   30   30   30   30   30   30   30   30   30
42478   35   0   0   0   0   0   0   0   0   0   0   0   0   0   0   0   0   1   1   1   1   1   1   1   1   1   1   1   1   1   1   1   1   1   1   1   1   1   1   1   1   1   1   1   1   1   1   1   1   1   1   1   1   1   1   1   1   1   1   1   1   1   1   2   2   2   3   3   3   3   4   4   4   4   5   5
42554   21   0   0   0   0   5   5   5   5   5   5   5   5   5   5   5   5   6   6   6   6   7   18   18   18   19   19   19   19   19   19   19   19   19   19   19   19   19   19   19   19   19   19   33   33   33   33   42   42   42   101   101   101   101   102   102   102   103   103   103   103   103   104   104   105   106   106   106   106   106   106   107   107   107   107   107
42704   22   0   2   3   3   4   4   4   4   5   5   5   5   10   10   11   26   26   26   26   26   26   26   26   26   26   26   26   26   26   26   26   26   26   26   26   26   26   26   26   26   26   26   26   26   26   26   26   26   26   27   27   27   27   27   27   27   27   27   28   28   28   29   29   29   29   30   30   30   30   30   31   31   31   31   31
42779   21   0   3   4   4   30   30   30   30   30   30   30   30   30   30   30   30   30   30   30   30   30   30   30   30   30   30   30   30   30   30   30   30   30   30   30   30   30   30   30   30   30   30   30   30   30   30   30   30   30   30   30   30   30   30   30   30   30   32   32   32   32   32   32   32   32   32   32   32   32   32   32   32   32   32   32
42853   20   0   0   0   0   1   1   2   2   2   2   3   8   13   13   13   13   13   13   13   13   13   14   21   21   21   21   21   21   21   21   21   21   21   21   21   21   21   21   21   21   21   21   21   21   21   21   21   21   21   21   21   21   21   31   31   31   38   38   38   38   38   38   38   38   38   38   38   38   38   38   38   38   39   39   39
42934   20   0   0   1   30   30   30   31   31   31   31   31   31   31   31   31   31   31   31   31   31   31   31   31   31   31   31   31   31   31   31   31   31   31   31   31   31   31   31   31   31   31   31   31   31   31   31   31   31   31   31   31   31   31   31   31   31   31   31   31   31   31   31   31   31   31   31   31   31   31   31   31   31   31   31   31
43005   33   0   0   0   0   2   2   2   2   2   2   2   2   3   3   3   3   3   3   3   4   4   5   5   5   5   6   6   6   6   7   7   7   7   11   11   11   12   12   29   29   29   29   29   29   29   29   29   29   29   29   29   29   29   29   29   29   29   29   29   29   29   29   29   29   29   29
45106   32   0   0   1   1   1   1   2   2   2   2   3   3   5   6   6   6   6   6   7   7   7   9   10   10   11   11   11   13   13   13   13   17   17   17   17   18   18   18   18   20   21   21   21   21   21   21   21   21   22   22   23   23   23   23   24   24   24   24   24   24   25   25   25   25   25   25   25   26   26   26   27   27   27   27   30
45200   64   0   1   1   4   4   4   4   4   4   4   4   5   5   5   6   6   6   8   8   8   8   8   9   9   9   9   9   10   10   10   11   11   11   11   12   12   12   12   12   13   17   18   18   18   18   18   18   19   19   19   19   20   20   20   20   23   24   24   24   24   24   24   24   25   25   25   25   25   26   26   26   26   26   27   27
45355   22   0   0   0   1   1   10   10   10   10   10   10   10   10   10   10   10   10   10   27   27   27   28   28   29   29   29   29   29   29   30   30   30   31   31   31   32   36   36   36   36   36   36   36   36   40   40   40   40   40   40   40   40   40   40   40   40   40   40   40   40   40   40   40   41   41   41   44   44   44   44   44   44   44   44   44
45443   22   0   1   1   1   1   1   4   4   4   4   4   4   4   4   4   4   8   30   30   30   30   30   30   30   30   30   30   30   30   30   30   30   31   31   31   31   31   31   31   31   31   31   31   31   31   31   31   31   31   31   31   31   31   31   31   31   31   31   31   31   31   31   31   31   31   31   31   31   31   31   32   32   35   35   35
45523   21   0   0   1   1   3   3   3   3   8   8   30   30   30   30   30   30   30   30   30   30   30   30   30   30   30   30   35   35   35   35   35   35   35   35   35   35   35   35   35   35   35   36   36   36   36   36   36   36   36   36   36   36   36   36   36   36   36   36   36   36   36   36   36   36   36   36   36   36   36   36   36   36   36   37   37
45601   22   0   1   1   1   1   2   2   5   5   5   11   11   11   11   12   12   12   13   13   13   13   14   14   33   33   33   33   33   33   33   33   33   33   33   33   33   33   33   33   33   33   33   33   33   33   33   33   33   33   33   33   33   33   33   33   33   33   33   33   33   33   33   33   33   33   33   33   33   33   33   33   33   33   33   33
45682   21   0   0   2   2   2   3   3   4   5   29   29   29   29   29   29   29   29   29   29   29   29   29   29   29   29   29   29   29   29   29   29   30   30   30   30   30   30   30   30   30   30   30   30   30   30   30   30   30   30   30   30   30   30   30   30   30   30   30   30   30   30   30   30   30   30   30   30   30   30   30   30   30   30   30   30
45754   48   0   0   0   2   2   6   7   8   8   8   8   8   8   11   11   11   12   20   21   26   27   27   28   28   28   28   28   28   28   28   28   29   29   29   29   29   30   31   31   31   31   31   31   31   31   32   32   32   32   33   33   33   34   37   37   37   37   37   37   38   38   38   38   38   38   38   38   38   38   38   38   38
47893   31   0   0   0   1   5   5   6   6   6   6   6   8   9   9   10   10   10   11   11   11   11   11   19   21   21   21   21   21   22   22   22   22   22   23   23   23   23   23   23   34   34   34   34   35   35   35   35   39   39   40   40   41   41   41   42   42   42   42   42   42   42   42   43   43   44   44   44   44   47   47   47   47   47   47   47
48001   20   0   8   8   8   8   8   8   8   8   8   8   8   8   8   8   8   8   8   8   8   8   9   9   9   9   9   10   14   15   15   15   15   15   15   15   15   36   38   40   40   40   40   40   40   40   40   40   40   40   40   40   40   47   47   47   47   47   47   47   48   48   48   48   48   48   48   49   49   49   49   49   49   50   50   50
48093   23   0   1   1   1   1   23   23   23   23   23   23   23   23   23   23   23   23   23   23   23   23   23   23   23   23   23   23   23   23   23   23   23   23   23   23   23   23   23   23   23   23   23   23   23   23   23   23   23   23   23   23   23   23   23   23   23   27   27   27   27   27   28   28   28   30   30   31   31   34   34   34   34   34   34   34
48173   27   0   0   0   0   0   0   0   0   0   0   0   0   0   0   0   0   0   0   0   0   0   0   0   0   0   0   0   0   0   0   0   0   1   1   1   2   2   2   2   3   3   3   3   4   4   4   4   5   5   5   5   6   6   6   6   6   7   7   7   7   8   8   8   10   11   11   11   11   11   11   11   12   12   12   12
48239   20   0   0   0   4   8   8   8   8   9   10   10   10   10   38   38   38   38   38   38   38   38   38   38   38   38   38   38   38   38   38   38   38   38   38   38   38   38   38   38   38   38   38   38   38   38   38   38   38   38   38   38   38   38   38   38   38   38   38   38   38   38   38   38   38   38   38   38   38   38   38   38   38   38   38   38
48318   21   0   0   2   2   15   15   15   15   15   15   15   15   15   15   15   15   15   17   17   18   18   18   18   18   18   18   23   23   24   24   24   24   24   24   25   25   25   26   26   26   26   26   27   27   27   27   28   28   28   28   28   28   29   29   29   30   30   30   30   30   30   33   33   34   34   35   35   35   36   36   36   36   37   37   37
48398   39   0   1   1   1   1   3   9   10   11   11   11   11   11   12   12   12   13   17   17   17   17   18   18   19   19   19   19   20   24   24   24   24   25   29   29   29   30   30   30   30   31   31   32   32   32   33   33   33   33   34   34   35   35   35   35   36   36   36   38   38   38   38   38   39   39   39   39   39   39   41   42   42   42   42   42
48517   20   0   0   22   22   22   22   22   22   22   22   22   22   22   22   22   22   22   22   22   24   24   24   25   25   25   25   25   26   26   26   26   26   27   27   27   28   28   28   28   29   30   30   30   30   30   33   34   34   34   34   34   34   34   34   35   35   35   35   35   35   35   35   35   35   35   35   35   36   36   36   36   36   36   36   36
48594   22   0   0   1   1   1   1   1   2   3   3   3   4   4   4   4   4   5   5   5   5   6   6   6   6   7   7   7   8   8   25   25   25   25   25   25   25   25   25   25   25   25   25   25   25   25   25   25   25   25   25   25   25   25   25   25   25   25   25   25   25   25   25   25   25   25   25   25   26   26   26   26   26   27   27   27
48665   33   0   0   0   0   0   0   0   0   0   0   0   0   0   0   0   0   0   0   0   0   0   0   0   0   0   0   0   0   0   0   0   0   0   0   0   0   0   0   0   0   0   0   0   0   0   1   1   1   1   1   2   2   3   3   4   4   5   5   5   5   5   5   5   5   5   5   5   6   6   8   8   8   8   8   8
48739   35   0   0   0   0   0   0   0   11   11   11   11   11   11   11   11   11   11   11   11   11   11   11   11   11   11   11   11   11   11   11   11   11   11   11   11   11   11   11   11   11   11   11   11   11   11   11   11   11   11   11   11   11   11   11   11   11   11   11   11   11   12   12   12   12   12   12   12   12   12   12   12   12   12   12   12
48821   21   0   9   15   15   15   15   15   15   15   15   15   15   15   28   28   31   31   31   31   31   31   31   31   31   31   31   31   31   31   31   31   31   31   32   32   32   32   32   32   32   32   32   32   32   32   32   32   32   32   32   32   32   32   32   32   32   32   32   32   32   32   32   32   32   32   32   32   32   32   32
50899   27   0   8   11   11   11   11   11   12   12   13   13   13   13   13   14   14   14   14   14   15   15   15   16   16   16   16   18   19   19   19   19   19   20   20   21   21   21   21   21   21   22   22   22   24   25   25   25   26   26   26   31   32   32   32   32   32   32   32   32   32   32   32   32   32   32   33   33   33   33   34   34   34   35   35   35
50988   55   0   2   13   13   13   13   13   14   14   14   14   15   15   15   15   16   17   17   17   18   18   18   18   19   19   19   19   20   20   20   20   21   21   21   25   25   25   26   26   26   26   27   27   27   27   28   28   28   28   29   29   29   30   30   30   30   31   31   34   34   34   34   34   34   34   34   34   34   34   34   34   34   34   34   34
51132   22   0   0   0   0   0   0   0   0   0   0   0   0   0   0   0   0   0   0   0   0   1   1   17   17   17   17   17   17   17   17   17   17   17   17   17   17   17   17   17   17   17   17   17   17   17   17   17   17   17   17   17   17   17   17   17   17   17   17   17   17   17   17   17   18   18   18   18   18   19   19   19   19   19   20   20
51196   20   0   0   2   2   2   2   2   2   3   4   4   5   5   27   27   27   27   28   28   28   29   29   29   29   30   30   30   31   31   31   31   31   32   32   32   32   33   33   34   34   34   34   36   37   37   37   37   37   37   37   38   38   38   38   38   39   39   39   39   39   40   40   40   40   40   41   41   41   41   42   42   42   43   43   43
51280   32   0   16   16   16   17   17   17   17   18   18   19   19   20   20   23   23   23   23   23   23   23   23   23   26   26   26   27   27   28   28   28   28   29   31   31   31   31   31   32   32   32   32   32   33   33   33   33   33   33   33   33   33   34   34   34   34   34   34   34   34   35   35   35   36   36   36   37   37   37   37   37   38   38   38   38
51383   22   0   13   13   13   13   13   13   13   14   14   28   28   28   28   28   28   28   28   28   28   28   28   28   28   28   28   28   28   28   28   28   28   28   28   28   28   28   28   28   28   28   28   28   28   28   28   28   28   28   28   28   28   28   28   28   28   28   28   28   28   28   28   28   28   28   28   28   29   32   32   32   32   32   33   34
51460   34   0   3   3   3   3   3   3   3   3   3   3   3   3   3   3   3   3   3   3   3   3   3   3   3   3   3   3   3   3   3   3   3   3   3   3   3   3   3   4   4   5   5   5   5   5   5   5   6   6   9   9   9   9   10   11   11   11   11   12   12   12   12   13   13   13   13   13   13   14   14   14   15   15   16   16
51545   39   0   0   2   2   2   3   4   4   4   4   6   6   6   6   7   7   8   8   8   11   11   11   16   17   17   17   17   17   22   22   22   22   22   22   22   22   22   22   22   23   23   23   23   24   24   32   32   32   38   38   38   39   39   39   39   40   40   40   40   41   41   41   42   43   43   43   44   44   44   44   44   44   44   44   45
51668   26   0   0   0   0   1   1   1   1   2   2   2   3   6   6   6   6   7   7   7   8   8   8   10   10   10   10   10   10   10   10   11   13   13   13   13   13   13   13   14   14   14   14   14   15   15   15   15   16   17   17   17   17   17   17   17   17   18   22   22   22   22   22   22   22   22   22   22   22   26   26   26   26   26   26   27
51748   19   0   1   1   1   2   2   5   5   5   5   6   6   7   7   7   7   8   9   9   9   9   10   10   10   18   18   18   18   18   18   18   18   18   18   18   18   18   53   53   53   53   53   53   53   53   53   53   53   53   53   53   53   53   53   53   53   53   53   53   53   53   53   53   55   63   63   63   63   63   64   64   64   64   64   64
51849   21   0   1   5   5   6   6   6   6   6   6   6   6   7   7   8   8   8   9   10   10   10   10   11   11   12   12   12   12   16   19   19   19   19   19   19   19   19   19   19   19   19   19   19   20   20   21   21   22   22   22   22   49   49   52   53   53   53   53   53   53   53   53   53   53   53   53   53   53   53   53   53   53   53   53   53
51945   21   0   0   1   1   1   2   32   32   33   33   33   33   33   33   33   33   33   33   33   33   33   33   33   33   33   33   33   33   33   33   33   33   33   33   33   33   33   33   33   33   33   33   33   33   33   33   33   33   33   33   33   33   33   33   33   33   34   34   34   34   34   34   34   34   34   34   34   34   34   34   34   34   34   34   34
52022   57   0   18   18   19   20   20   21   27   27   27   27   27   28   28   28   28   28   28   28   28   28   28   28   29   29   29   29   29   29   29   29   29   29   29   29   29   29   29   30   30   30   33   33   33   33   36   36   36   36   36   36   36   36   36   36   36   36   37   37   37   37   37   37   38   38   38   38   39   39   39   39   40   40   40   40
52177   23   0   0   7   7   7   8   23   23   23   23   23   23   23   23   23   23   23   23   23   23   23   24   24   24   24   24   24   24   24   24   24   24   24   24   24   24   24   25   25   25   26   26   26   26   27   27   27   27   27   28   28   28   28   28   28   28   29   30   30   30   30   30   30   31   31   31   31   31   32   32   32   32   33   33   33
52256   19   0   0   2   2   2   3   3   5   5   5   6   6   6   6   7   7   7   7   14   14   14   15   15   15   16   16   16   17   17   17   18   18   18   18   18   18   19   19   19   19   20   20   21   21   23   23   23   23   23   24   24   24   24   24   24   24   24   24   24   24   24   28   29   29   29   29   29   29   29   29   29   29   30   30   30
52324   23   0   0   0   0   0   0   0   0   0   0   0   0   0   0   0   0   10   10   10   10   10   10   10   10   10   10   10   10   11   11   11   11   11   11   12   13   13   13   13   13   13   30   30   30   30   30   30   30   30   30   30   30   30   30   30   30   30   30   30   30   30   30   30   30   30   30   30   30   30   30   30   30   30   31   31
52401   19   0   1   1   1   2   2   2   6   6   6   22   22   23   23   23   23   23   23   23   23   23   23   23   23   23   24   24   24   24   24   24   24   24   24   24   24   24   24   24   24   24   24   24   24   24   24   24   24   24   24   24   24   24   24   24   24   24   24   24   24   24   24   24   24   24   24   24   24   24   24   24   26   26   26   26
52465   17   0   0   7   7   7   7   7   7   7   9   10   10   10   11   12   13   17   20   34   34   34   34   34   34   34   34   34   34   34   34   34   34   34   34   34   34   34   34   34   34   34   34   34   34   34   34   34   34   34   34   34   34   34   35   35   35   35   35   35   35   35   35   35   35   35   35   35   35   35   35   35   35   35   35   35
52534   67   0   0   0   2   2   2   3   3   4   4   4   5   8   8   8   8   8   8   9   9   10   11   11   12   12   12   13   14   14   14   14   15   15   19   19   21   21   21   21   22   22   24   24   25   25   25   25   27   27   28   28   29   31   31   32   32   32   32   33   34   34
54705   34   0   1   2   2   2   2   2   2   2   2   2   2   2   2   2   3   3   3   3   6   6   7   7   7   7   8   8   8   8   9   9   16   16   16   16   16   16   16   17   17   17   17   17   18   18   18   18   18   19   19   20   20   20   21   21   21   21   21   21   21   21   21   21   22   22   22   23   23   24   24   24   24   24   24   24
54799   20   0   0   1   1   2   2   3   3   3   3   3   3   4   4   4   4   4   5   8   9   9   9   9   10   10   10   10   11   11   11   11   11   14   15   15   16   16   16   16   16   17   17   17   17   18   20   22   22   22   23   23   23   23   23   23   23   23   23   23   25   25   25   25   25   25   25   25   25   25   25   26   26   26   26   27
54866   31   0   0   0   0   0   0   0   0   0   0   0   0   0   2   2   2   2   2   2   2   2   2   2   2   4   4   4   4   7   9   9   10   10   10   10   10   10   10   10   10   10   11   11   11   11   11   12   12   12   13   13   13   13   13   14   14   14   14   15   15   15   15   15   16   16   16   16   17   17   17   17   17   21   21   21
54948   19   0   8   9   9   9   9   10   11   11   15   15   24   24   24   24   24   25   25   25   25   25   25   26   26   26   27   27   27   27   27   27   28   28   28   28   29   29   29   29   30   30   30   30   31   32   32   33   33   33   34   35   36   36   36   36   36   36   36   36   36   36   36   36   36   36   36   36   36   36   36   36   36   36   36   36
55024   19   0   1   2   4   4   5   5   5   5   5   5   5   5   6   6   6   14   14   14   14   15   15   15   39   40   40   40   40   40   40   40   40   40   40   40   40   40   40   40   40   40   40   40   40   40   40   40   40   40   40   40   40   40   40   40   40   40   40   40   40   40   40   40   40   40   40   40   40   40   40   40   40   40   40   40
55102   24   0   0   0   2   2   4   10   10   11   11   11   11   11   12   12   13   13   13   14   14   14   14   14   15   15   15   18   19   19   19   19   19   19   19   19   19   19   19   19   44   44   44   44   44   44   44   44   44   44   44   44   44   44   44   44   44   44   45   45   45   45   45   46   46   46   46   47   47   47   47   47   47   47   47   47
55197   44   0   1   1   1   4   4   4   4   4   5   5   5   6   7   7   7   7   8   8   8   9   9   9   10   14   15   15   15   15   16   16   24   24   24   25   25   25   25   25   25   26   26   26   26   30   30   30   30   30   31   31   31   31   32   32   33   33   33   33   33   34   34   34   34   34   34   34   35   35   35   35   35   35   36   36
55321   22   0   0   0   0   0   0   0   0   4   36   36   36   36   36   36   36   36   36   36   36   36   36   36   36   36   36   36   36   36   36   36   36   36   36   36   36   36   36   36   36   36   36   36   36   36   36   36   36   36   36   36   36   36   36   36   36   36   36   36   36   36   36   36   36   36   36   36   36   36   36   36   36   36   36   36
55401   29   0   0   0   0   0   0   0   0   0   4   4   4   4   4   4   4   5   5   5   5   6   6   6   7   7   7   7   7   7   8   8   8   9   9   9   9   9   9   9   10   10   10   10   10   11   11   11   11   11   11   12   12   12   12   13   13   13   14   14   14   14   14   15   15   15   18   18   18   18   18   19   19   19   19   19
55479   17   0   14   15   15   16   16   16   16   16   16   16   16   16   16   16   16   16   16   16   16   16   16   16   16   16   16   16   16   16   16   16   16   16   37   37   37   37   37   37   37   37   37   37   37   37   37   37   37   37   37   37   37   37   37   37   37   37   37   37   37   37   37   37   37   37   37   37   37   37   37   37   37   37   37   37
55551   21   0   1   1   8   8   8   8   8   8   8   8   17   17   17   17   17   17   17   17   17   17   17   17   17   36   36   36   36   36   36   36   36   36   36   36   36   36   36   36   36   36   36   36   36   36   36   36   36   36   36   36   36   36   36   36   36   36   36   36   36   36   36   36   36   36   36   36   36   36   36   36   36   36   36   36
55630   21   0   2   2   2   2   2   2   2   2   3   7   7   26   26   26   26   26   26   26   26   26   26   26   26   26   26   26   26   26   26   26   26   26   26   26   26   26   26   26   26   26   26   26   26   26   26   26   26   26   26   26   26   26   26   26   26   26   26   26   26   26   26   26   29   30   30   30   30   30   30   31   31   31   32   32
55705   60   0   0   2   2   2   2   3   3   3   3   4   4   4   5   5   5   5   5   6   6   7   7   8   8   8   9   9   9   9   9   10   10   10   10   11   11   11   14   15   15   15   15   15   15   16   16   16   16   17   17   17   17   18   18   18   18   18   19   19   19   19   19   20   20   20   20   20   21
57850   32   0   1   1   1   1   1   1   6   9   12   13   13   13   14   14   14   14   14   14   15   15   16   16   16   16   16   16   17   17   17   17   17   18   18   18   19   19   19   19   19   19   20   20   20   20   21   21   21   21   21   26   27   27   27   27   27   27   28   28   29   29   29   29   29   29   30   30   30   30   31   32   32   34   35   35
57948   31   0   0   0   0   0   0   0   0   0   0   0   0   0   2   2   2   2   2   2   2   2   2   2   2   2   2   2   4   4   4   4   4   4   4   4   4   5   5   5   6   6   6   6   7   7   8   8   8   8   8   8   12   12   12   12   12   13   13   13   13   14   14   14   14   14   14   18   18   18   18   19   19   20   20   20
58031   29   0   0   0   0   0   0   0   0   0   0   0   0   0   0   0   0   0   0   0   0   0   0   0   5   7   7   7   7   7   7   7   7   7   7   7   9   9   9   10   10   10   10   10   10   10   10   10   10   10   10   10   10   10   10   10   10   10   10   10   10   10   10   10   10   10   10   10   10   10   10   10   10   10   10   10
58100   26   0   0   0   0   2   3   3   3   3   3   3   3   4   4   6   6   6   6   6   6   12   12   12   16   16   16   16   18   18   18   18   18   18   18   18   18   18   18   18   18   18   18   18   18   18   18   18   18   18   19   19   19   19   19   20   20   20   23   23   24   24   24   24   25   25   26   26   26   26   26   26   27   27   27   27
58179   19   0   5   5   6   6   6   22   22   22   22   23   23   23   23   24   24   24   25   25   25   26   26   26   26   26   27   27   27   28   28   28   28   28   28   29   29   29   30   30   30   30   30   30   31   31   31   31   32   32   32   33   33   33   33   33   33   33   33   34   34   34   34   34   38   38   38   38   38   39   39   39   39   40   40   40
58258   24   0   0   1   1   1   1   1   1   2   2   2   2   3   3   3   3   15   15   15   15   15   15   15   15   16   16   16   16   16   17   17   17   20   20   20   21   21   21   21   22   22   22   22   23   23   24   24   24   28   32   32   32   32   33   33   33   33   34   35   35   35   35   35   35   38   38   38   38   39   39   39   39   40   40   40
58346   43   0   2   2   3   9   9   10   10   10   10   10   10   10   10   10   10   10   10   10   10   10   11   11   11   11   11   14   14   14   14   15   15   15   15   15   15   16   16   16   16   17   17   18   18   18   18   18   18   19   19   19   19   20   20   21   21   21   22   22   22   22   23   23   23   23   24   24   24   24   24   25   25   25   27   27
58460   22   0   0   0   4   4   4   4   4   4   4   4   11   12   12   12   12   18   18   18   18   19   19   19   33   33   34   34   34   35   35   35   36   36   36   36   37   37   37   38   38   38   38   39   39   39   39   39   40   40   40   41   41   41   41   42   42   42   42   43   43   45   45   45   46   46   46   46   47   47   47   47   48   48   48   48
58552   20   0   0   0   1   1   2   2   2   2   6   6   6   6   6   12   13   13   13   13   15   15   15   15   15   15   15   16   16   16   16   16   16   17   17   17   17   17   18   18   18   21   21   22   22   22   24   24   24   24   24   24   24   25   25   25   26   26   26   26   27   34   41   41   41   41   41   41   41   41   41   41   41   41   41   41
58635   20   0   0   8   8   11   11   11   11   11   11   11   11   11   57   58   58   58   60   61   63   63   64   64   64   65   65   65   65   65   65   66   66   66   66   67   67   67   68   68   68   68   68   69   69   69   69   70   70   70   71   71   71   71   71   71   71   72   72   72   72   73   73   73   73   74   74   74   74   74   74   75   75   75   75   75
58751   18   0   5   5   6   6   6   9   9   10   10   10   10   10   10   11   11   11   12   12   13   13   14   14   14   14   14   22   22   22   22   22   22   22   22   27   27   29   29   29   40   40   40   40   41   41   44   44   44   44   44   44   44   44   44   44   44   44   44   44   44   44   44   44   44   44   44   44   44   44   44   44   44   44   44   44
58832   61   0   1   1   2   3   6   7   7   8   8   11   11   11   11   11   12   16   16   16   16   16   16   16   17   17   17   18   18   18   19   19   19   19   19   20   20   20   20   21   21   21   21   21   21   26   38   38   38   39   39   43   43   43   43   44   44   44   44   44   44   44   44   44   44   44   44   44   44   44   44   44   44   45   45   45
59001   31   0   0   0   0   1   1   1   1   1   1   1   1   1   1   1   1   1   1   1   1   1   1   1   1   1   1   1   1   1   1   1   1   1   1   1   1   1   1   1   1   1   1   1   1   1   1   1   1   1   1   1   1   1   1   1   1   1   1   1   1   1   1   1   1   5   5   5   5   5   6   6   6   6   8   8
59071   19   0   1   1   1   1   1   2   3   7   8   9   9   10   10   10   10   11   13   16   17   17   17   17   18   18   18   31   31   31   31   31   31   31   31   31   31   31   31   31   31   31   31   31   31   31   31   31   31   31   31   31   31   31   31   31   31   31   31   31   31   31   31   31   31   31   31   31   31   31   31   31   31   31   31   33
59143   21   0   0   2   2   2   2   9   9   9   9   9   9   9   9   9   28   28   28   28   28   28   28   28   28   28   28   28   28   28   28   28   28   28   28   28   28   28   28   28   28   28   28   28   28   28   28   28   28   28   28   28   28   28   28   28   28   28   28   28   28   28   28   28   28   28   28   29   29   29   29   29   29   30   30   30
59216   20   0   0   0   4   5   5   5   11   11   11   16   21   21   21   21   21   21   21   21   21   21   21   32   36   37   37   37   37   37   37   37   37   37   37   37   37   37   37   37   37   37   37   37   37   37   37   37   38   38   38   38   38   38   38   38   38   38   38   38   38   38   38   38   38   38   38   38   38   38   38   38   38   38   38   38
59294   22   0   0   3   3   3   3   3   3   3   3   3   18   18   18   18   18   18   18   18   18   18   18   18   18   18   18   18   18   18   21   21   21   21   21   21   21   21   22   22   27   27   27   27   27   27   27   27   27   27   27   27   27   27   27   27   32   32   32   32   32   32   32   32   32   32   32   32   32   32   32   32   32   32   32   32
59371   55   0   0   0   1   1   2   2   2   2   16   25   25   28   29   29   29   30   30   31   31   32   32   33   33   33   33   33   33   34   34   34   34   35   35   35   35   36   36   36   36   37   37   37   38   38   38   39   39   39   39   40   40   40   41   41   41   41   42   42   42   42   43   43   43   44   44
