221
260
260
260
260
260
290
307
315
329
329
329
391
413
415
417
418
418
418
432
442
445
458
467
526
531
547
547
547
547
547
547
547
547
547
547
547
547
564
576
627
631
631
631
631
631
631
631
671
679
686
686
686
692
739
761
770
771
771
778
778
787
805
823
838
838
838
877
877
877
877
905
905
905
914
914
1025
1026
1031
1036
1036
1036
1036
1036
1036
1036
1050
1055
1055
1077
1078
1102
1124
1144
1144
1163
1184
1199
1199
1200
1200
1236
1257
1258
1269
1326
1330
1342
1344
1344
1344
1344
1344
1352
1356
1378
1387
1392
1393
1421
1423
1423
1425
1537
1582
1585
1585
1585
1585
1585
1585
1585
1585
1585
1585
1585
1585
1585
1589
1595
1621
1621
1627
1668
1671
1671
1680
1696
1697
1704
1704
1747
1747
1747
1763
1764
1776
1781
1789
1800
1800
1812
1820
1824
1833
1833
1838
1840
1864
1868
1877
1877
1877
1907
1908
1908
1914
1939
1939
1939
1955
2067
2084
2084
2084
2084
2084
2084
2084
2084
2084
2084
2084
2084
2108
2112
2116
2116
2196
2204
2210
2210
2210
2269
2352
2356
2356
2356
2356
2356
2356
2356
2356
2356
2356
2356
2356
2356
2399
2404
2404
2434
2448
2454
2454
2454
2460
2464
2464
2473
2485
2494
2520
2520
2594
2603
2606
2606
2606
2606
2606
2606
2606
2606
2609
2635
2640
2640
2640
2705
2709
2709
2709
2709
2709
2709
2709
2754
2754
2754
2754
2754
2754
2793
2793
2815
2822
2823
2830
2835
2922
2933
2933
2933
2934
2934
2934
2934
2941
2952
2952
2979
2991
3021
3021
3111
3114
3125
3125
3136
3142
3142
3142
3142
3142
3142
3150
3186
3190
3190
3190
3190
3263
3269
3279
3283
3311
3312
3312
3312
3333
3342
3344
3344
3344
3344
3376
3426
3427
3427
3429
3437
3457
3461
3465
3466
3467
3519
3519
3548
3548
3657
3663
3666
3677
3677
3677
3677
3677
3677
3677
3677
3698
3699
3734
3753
3754
3754
3775
3791
3793
3793
3817
3822
3832
3840
3855
3857
3857
3867
3867
3898
3903
3903
3912
3937
3968
3975
4011
4011
4011
4016
4018
4022
4058
4083
4151
4177
4183
4189
4189
4189
4190
4190
4194
4194
4194
4204
4386
4388
4388
4412
4421
4421
4422
4422
4422
4422
4426
4445
4461
4462
4462
4462
4569
4573
4580
4609
4615
4615
4615
4615
4615
4615
4615
4615
4615
4718
4719
4719
4719
4719
4719
4719
4719
4719
4719
4719
4744
4758
4758
4758
4759
4777
4777
4795
4799
4799
4826
4838
4838
4838
4866
4866
4866
4875
4877
4898
4913
4921
4964
4964
4964
4964
5007
5007
5007
5018
5028
5031
5035
5064
5070
5070
5070
5070
5157
5160
5160
5231
5232
5232
5232
5232
5232
5234
5261
5264
5264
5298
5299
5299
5299
5305
5307
5357
5417
5418
5418
5418
5418
5418
5418
5436
5436
5436
5438
5440
5464
5467
5467
5472
5500
5518
5518
5540
5540
5544
5559
5559
5559
5587
5619
5619
5619
5643
5654
5662
5663
5663
5761
5761
5761
5761
5761
5761
5761
5761
5761
5761
5761
5761
5761
5761
5761
5790
5790
5790
5796
5867
5870
5889
5900
5929
5929
5936
5943
5956
5990
6000
6000
6089
6089
6089
6089
6090
6090
6090
6090
6090
6090
6090
6108
6108
6108
6108
6111
6111
6137
6152
6153
6153
6162
6172
6281
6281
6281
6281
6281
6291
6291
6291
6291
6291
6291
6291
6291
6291
6315
6315
6315
6315
6315
6324
6324
6330
6344
6356
6357
6361
6395
6402
6402
6402
6451
6456
6456
6491
6493
6496
6496
6496
6496
6505
6511
6542
6548
6548
6548
6548
6548
6588
6588
6588
6603
6624
6624
6624
6658
6672
6673
6701
6785
6799
6801
6801
6802
6802
6802
6802
6802
6838
6839
6844
6845
6860
6862
6877
6879
6879
6879
6926
6938
6952
6952
6990
6990
6990
6990
6990
6998
7016
7017
7027
7053
7072
7072
7072
7072
7119
7157
7158
7159
7159
7159
7175
7186
7212
7225
7317
7369
7369
7369
7369
7369
7369
7369
7369
7369
7369
7369
7369
7369
7369
7369
7370
7370
7370
7378
7379
7379
7410
7412
7423
7435
7440
7510
7510
7510
7510
7510
7510
7510
7510
7510
7510
7510
7510
7543
7543
7543
7543
7622
7622
7622
7624
7629
7637
7637
7715
7727
7739
7739
7739
7739
7739
7739
7739
7739
7739
8922
8922
8922
8922
8922
8922
8922
8922
8922
8922
8927
8927
8927
8927
8927
8927
8927
8927
8927
8927
8927
8927
8927
8927
8927
8928
8928
8928
8931
8931
8931
8931
8931
8931
8931
8931
8931
8935
8935
8935
8935
8935
8935
8935
8935
8935
8935
8935
8935
8935
8935
8979
8981
8982
8986
8986
9001
9012
9012
9012
9012
9019
9024
9054
9054
9057
9061
9098
9101
9101
9123
9141
9141
9177
9203
10718
10721
10724
10729
10733
10734
10734
10734
10734
10734
10734
10734
10734
10734
10734
10764
11661
11827
11953
12279
12308
12315
12329
12344
12345
12351
12377
12379
12379
12389
12389
12389
12422
12425
12426
12428
12428
12439
12475
12545
12547
12559
12560
12561
12561
12561
12580
12584
12584
12584
12584
12584
12584
12584
12593
12593
12593
12593
12593
12641
12642
12642
12643
12643
12643
12648
12658
12660
12721
12724
12728
12728
12728
12738
12741
12741
12744
12750
12778
12778
12791
12821
12832
12834
12900
12916
12916
12916
12916
12916
12916
12916
12916
12946
12985
13083
13097
13097
13097
13097
13120
13121
13121
13121
13121
13121
13121
13121
13121
13121
13136
13164
13166
13166
13166
13177
13179
13187
13187
13191
13220
13227
13227
13262
13262
13287
13303
13305
13305
13305
13315
13384
13388
13419
13428
13428
13428
13428
13428
13428
13428
13428
13428
13438
13470
13474
13477
13520
13521
13521
13597
13611
13613
13613
13613
13623
13625
13629
13629
13630
13630
13630
13630
13669
13669
13669
13690
13720
13720
13720
13720
13720
13744
13746
13746
13746
13757
13792
13801
13804
13906
13910
13910
13910
13912
13920
13920
13920
13920
13920
13920
13920
13920
13920
13947
13947
13947
13976
13976
13979
13979
14023
14137
14213
14215
14215
14215
14215
14215
14215
14215
14215
14215
14215
14215
14215
14215
14215
14215
14215
14215
14215
14215
14215
14215
14215
14215
14215
14215
14215
14231
14240
14249
14251
14265
14271
14271
14316
14316
14316
14316
14316
14316
14316
14316
14316
14377
14377
14377
14377
14377
14377
14377
14378
14386
14434
14437
14438
14442
14451
14451
14451
14451
14451
14451
14451
14488
14494
14495
14495
14495
14496
14502
14509
14523
14523
14523
14541
14550
14551
14583
14583
14583
14583
14661
14663
14663
14663
14664
14664
14664
14664
14672
14678
14678
14678
14678
14678
14678
14678
14678
14698
14700
14700
14705
14706
14777
14777
14777
14777
14777
14777
14777
14783
14801
14818
14823
14823
14823
14823
14874
14874
14874
14883
14900
14911
14920
14920
14945
15002
15002
15002
15002
15002
15051
15066
15075
15076
15082
15082
15082
15082
15082
15204
15208
15209
15209
15209
15209
15209
15209
15209
15209
15209
15209
15209
15209
15227
15227
15227
15227
15237
15245
15268
15277
15279
15303
15310
15310
15377
15378
15382
15382
15399
15399
15399
15399
15399
15420
15421
15421
15421
15421
15421
15465
15465
15465
15474
15503
15505
15519
15550
15556
15558
15558
15561
15574
15590
15603
15603
15603
15603
15851
15856
15862
15862
15862
15862
15862
15862
15862
15862
15862
15862
15862
15862
15862
15862
15862
15862
15862
15862
15862
15862
15862
15862
15862
15887
15888
15889
15889
15904
15904
15920
15921
15976
15981
15981
15981
15981
15981
15981
15981
15981
15981
15981
16006
16019
16068
16072
16072
16072
16072
16072
16072
16072
16072
16072
16162
16162
16162
16162
16228
16228
16246
16246
16246
16246
16246
16246
16246
16246
16246
16247
16258
16284
16284
16284
16284
16284
16306
16311
16342
16351
16351
16370
16388
16388
16388
16388
16419
16459
16459
16459
16459
16459
16465
16488
16493
16503
16511
16514
16538
16543
16543
16579
16589
16590
16593
16599
16630
16635
16635
16643
16652
16653
16653
16661
16743
16778
16779
16779
16779
16779
16779
16779
16779
16779
16779
16779
16786
16836
16842
16848
16850
16859
16866
16882
16899
16906
16937
16941
16941
17027
17036
17039
17039
17039
17039
17039
17039
17039
17057
17060
17064
17102
17103
17103
17107
17143
17145
17157
17157
17216
17296
17297
17297
17297
17297
17297
17297
17297
17315
17326
17326
17345
17347
17381
17402
17402
17427
17429
17429
17459
17472
17504
17504
17525
17555
17555
17555
17555
17555
17576
17591
17592
17603
17616
17618
17630
17636
17943
17946
17947
17947
17947
17947
17947
17947
17955
17956
17959
17961
17966
17967
17967
17967
17967
17970
17970
17970
17970
17970
17970
18033
18041
18041
18041
18041
18041
18041
18041
18041
18041
18045
18045
18059
18069
18069
18108
18119
18121
18121
18132
18149
18149
18202
18203
18203
18221
18226
18231
18335
18337
18337
18337
18337
18337
18337
18337
18343
18348
18388
18388
18388
18396
18396
18431
18439
18462
18482
18482
18943
18946
18946
18946
18946
18946
18946
18946
18946
18946
18946
18946
18946
18946
18946
18946
18956
18998
19009
19083
19129
19129
19129
19137
19155
19189
19196
19196
19515
19559
19581
19601
19708
19741
19755
19755
19777
19781
19785
19794
19800
19928
20505
20676
20788
20800
20941
21119
21155
21701
22656
22863
22956
23004
23065
23149
23279
23356
23502
23504
23651
23651
23696
23741
23855
24520
24522
24522
24522
24522
24522
24522
24522
24522
24522
24522
24561
24673
24713
24789
24815
24875
24979
24979
25141
25143
25183
25219
25257
25337
25339
25430
25471
25518
25567
25646
25647
25774
25776
25874
25874
25922
25995
25996
26181
26185
26194
26222
26269
26368
26372
26387
27616
27650
27652
27652
27652
27652
27652
27652
27652
27652
27658
27658
27658
27658
27658
27658
27658
27658
27658
27658
27658
27658
27658
27658
27658
27658
27658
27658
27658
27658
27658
27658
27658
27658
27658
27658
27666
27686
27712
27756
27761
27794
27812
27859
27859
27871
27899
27914
27968
27983
28002
28022
28074
28080
28080
28174
28174
28174
28174
28199
28236
28252
28275
28276
28303
28312
28334
28372
28393
28401
28423
28453
28462
28501
28510
28539
28557
28625
28627
28638
28639
28749
28749
28749
28749
28757
28761
28786
28827
28849
28856
28887
28916
28916
28964
29010
29021
29021
29021
29050
29058
29078
29168
29173
29174
29174
29196
29202
29242
29276
29284
29294
29300
29327
29393
29398
29414
29421
29425
29443
29512
29512
29512
29512
29512
29512
29557
29558
29558
29558
29558
29564
29582
29596
29601
29642
29642
29642
29662
29662
29703
29705
29705
29722
29730
29736
29746
29751
29758
29806
29828
29829
29829
29829
29829
29861
29861
29869
29895
29899
29902
29935
29935
29963
29963
29963
29980
29982
29993
30018
30029
30038
30056
30062
30067
30093
30104
30114
30117
30162
30164
30164
30164
30178
30182
30188
30196
30210
30236
30238
30238
30238
30243
30253
30259
30268
30293
30293
30300
30326
30326
30326
30351
30381
30382
30385
30385
30385
30386
30403
30429
30430
30459
30460
30462
30473
30473
30473
30473
30484
30486
30492
30858
30858
30863
30868
30868
30868
30868
30869
30872
30872
30872
30873
30873
30873
30873
30873
30873
30873
30873
30873
30873
30873
30873
30873
30873
30873
30873
30873
30873
30873
30873
30873
30873
30873
30873
30873
30873
30873
30873
30873
30873
30873
30873
30874
30875
30875
30875
30875
30880
30881
30883
30890
30900
30906
30914
30922
30922
30939
30940
30943
30954
30957
30974
30981
30985
30985
30991
31041
31042
31042
31042
31042
31042
31043
31043
31062
31065
31065
31065
31071
31116
31116
31119
31119
31119
31119
31122
31125
31140
31140
31140
31152
31168
31214
31217
31217
31217
31217
31217
31238
31240
31240
31240
31246
31246
31246
31267
31267
31267
31277
31279
31283
31303
31304
31307
31315
31315
31349
31349
31349
31351
31352
31354
31365
31412
31417
31417
31417
31417
31418
31418
31418
31418
31418
31428
31446
31447
31474
31474
31474
31474
31474
31502
31510
31511
31517
31517
31517
31517
31518
31580
31580
31580
31580
31580
31580
31580
31580
31580
31580
31580
31580
31583
31611
31618
31618
31618
31618
31618
31618
31773
31774
31774
31775
31775
31775
31775
31775
31775
31775
31775
31775
31775
31775
31775
31775
31775
31775
31775
31775
31786
31795
31795
31795
31795
31795
31795
31795
31796
31796
31796
31803
31813
31828
31836
31840
31840
31840
31860
31860
31860
31860
31870
31870
31878
31878
31882
31905
31911
31917
31917
31955
31961
31961
31961
31961
31961
31961
31961
31961
31966
31968
31974
31982
32000
32001
32001
32001
32012
32014
32024
32024
32024
32037
32041
32041
32087
32089
32089
32089
32089
32089
32089
32097
32100
32100
32100
32100
32131
32131
32131
32143
32146
32146
32146
32150
32150
32157
32160
32160
32161
32161
32231
32237
32238
32238
32238
32240
32245
32247
32247
32247
32247
32247
32247
32247
32247
32250
32250
32250
32254
32255
32258
32272
32274
32274
32288
32292
32292
32298
32322
32322
32322
32322
32323
32354
32354
32354
32354
32354
32354
32359
32363
32363
32363
32363
32363
32380
32380
32380
32386
32391
32392
32392
32396
32413
32429
32432
32432
32432
32432
32432
32432
32432
32452
32452
32460
32467
32472
32488
32496
32500
32502
32502
32512
32514
32514
32514
32514
32519
32519
32519
32519
32536
32564
32577
32580
32582
32582
32582
32582
32582
32582
32582
32582
32588
32593
32636
32636
32636
32636
32636
32636
32636
32636
32636
32636
32636
32637
32637
32637
32657
32669
32678
32679
32679
32679
32679
32679
32679
32679
32695
32696
32696
32696
32696
32705
32719
32757
32757
32757
32781
32792
32797
32826
32838
32880
32884
33039
33043
33047
33047
33061
33074
33078
33078
33078
33087
33108
33131
33138
33157
33164
33188
33230
33239
33262
33265
33296
33296
33313
33318
33360
33386
33397
33643
33643
33643
33643
34088
34088
34091
34094
34095
34095
34095
34095
34095
34095
34095
34095
34095
34095
34095
34095
34095
34095
34095
34095
34096
34105
34109
34109
34109
34109
34109
34109
34109
34110
34155
34155
34169
34169
34181
34184
34184
34184
34184
34193
34205
34361
34361
34361
34361
34372
34378
34398
34416
34416
34416
34416
34522
34525
34540
34544
34595
34608
34608
34608
34608
34608
34608
34617
34617
34632
34644
34675
34675
34708
34709
34745
34750
34750
34750
34763
34777
34807
34839
34872
34872
34872
34872
34882
34885
34885
34886
34902
34910
34913
34914
34978
34984
34993
34993
34993
34993
35011
35099
35104
35116
35116
35118
35118
35161
35161
35198
35204
35228
35232
35234
35234
35345
35358
35358
35358
35358
35382
35400
35400
35450
35454
35461
36495
36546
38111
38185
38634
38635
38705
38779
38843
38908
39059
39131
39193
39949
40027
40108
40168
40240
40313
40404
40461
40524
40578
40630
40699
40829
40882
40966
41091
41093
41122
41246
41253
41359
41423
41475
41523
41564
41620
41853
41856
41870
41870
41870
42043
42052
42052
42178
42178
42300
42305
42306
42308
42398
42435
42477
42572
42572
42637
42638
42672
42836
42837
42857
42878
42895
42906
42979
42986
43065
43074
43152
43154
43154
43198
43287
43287
43322
43351
43380
43401
43473
43502
43508
43540
43581
43597
43661
43697
43719
43762
43813
43868
43876
43907
43955
43977
43988
44024
44045
44073
44120
44122
44122
44140
44163
44191
44193
44255
44255
44273
44311
44311
44344
44383
44396
44412
44419
44466
44476
44485
44521
44556
44556
44581
44620
44622
44658
44667
44703
44709
44709
44729
44747
44762
44777
44800
44802
44814
44848
44851
44922
44922
44922
44922
44922
44922
44922
44945
44951
44966
44966
44975
44980
45000
45020
45027
45029
45034
45079
45079
45079
45095
45103
45109
45122
45125
45161
45164
45181
45195
45209
45209
45235
45236
45239
45243
45291
45291
45291
45291
45291
45317
45333
45345
45345
45349
45361
45390
45391
45419
45419
45419
45453
45453
45479
45479
45479
45543
45543
45543
45543
45543
45556
45570
45574
45574
45586
45588
45592
45623
45626
45626
45650
45658
45667
45703
45735
45735
45735
45740
45747
45756
45768
45785
45871
45875
45885
45888
45888
45888
45891
45891
45891
45915
45918
45918
45918
46164
46164
46164
46164
46168
46181
46183
46183
46183
46183
46183
46183
46183
46183
46183
46183
46184
46188
46191
46194
46194
46194
46194
46194
46194
46194
46194
46194
46202
46742
46750
46753
46753
46754
46754
46754
46754
46754
46754
46754
46754
46754
46754
46754
46754
46754
46754
46754
46754
46754
46754
46754
46754
46754
46754
46754
46754
46754
46754
46754
46754
46754
46754
46754
46754
46754
46754
46754
46754
46754
46754
46754
46754
46754
46754
46754
46754
46754
46754
46754
46754
46754
46754
46754
46754
46754
46754
46754
46754
46754
46754
46754
46754
46754
46754
46754
46754
46754
46754
46754
46754
46754
46754
46754
46754
46754
46754
46754
46782
46792
46794
46794
46794
46818
46820
46820
46820
46820
46820
46820
46820
46820
46820
46820
46820
46820
46820
46820
46821
46821
46821
46821
46834
46912
46915
46915
46915
46915
46915
46915
46915
46915
46915
46915
46915
46915
46927
46927
46927
46927
46927
46927
46927
46947
46947
46947
46947
46957
46961
46973
46973
46989
46994
46994
46994
47003
47003
47003
47003
47013
47013
47020
47028
47034
47034
47034
47045
47045
47045
47049
47054
47056
47064
47078
47079
47079
47092
47094
47104
47104
47104
47117
47120
47120
47120
47122
47138
47152
47183
47211
47211
47211
47211
47211
47211
47211
47211
47211
47211
47211
47211
47211
47211
47212
47212
47212
47212
47212
47215
47215
47220
47232
47234
47234
47236
47250
47256
47256
47264
47274
47274
47283
47287
47289
47299
47323
47323
47323
47340
47340
47345
47348
47348
47348
47365
47365
47375
47377
47377
47377
47377
47379
47382
47395
47395
47395
47407
47407
47407
47415
47423
47423
47430
47435
47435
47441
47442
47442
47449
47458
47461
47461
47466
47486
47488
47488
47488
47488
47489
47502
47503
47503
47510
47516
47528
47538
47543
47547
47548
47557
47571
47574
47574
47574
47574
47574
47574
47574
47574
47581
47581
47581
47592
47605
47609
47611
47611
47631
47631
47632
47643
47649
47651
47652
47652
47652
47652
47652
47652
47671
47671
47671
47671
47680
47697
47701
47701
47701
47711
47717
47717
47717
47717
47718
47718
47720
47777
47778
47778
47778
47778
47779
47779
47779
47779
47779
47779
47779
47779
47779
47779
47779
47779
47779
47779
47779
47779
47790
47791
47791
47791
47815
47815
47815
47816
47816
47816
47816
47816
47816
47830
47831
47831
47831
47831
47838
47838
47838
47838
47838
47838
47887
47887
47887
47887
47887
47887
47887
47887
47887
47887
47887
47887
47887
47887
47887
47887
47887
47887
47887
47887
47887
47891
47894
47896
47902
47907
47907
47907
47907
47907
47907
47907
47907
47907
47907
47907
47912
47929
47942
47946
47946
47946
47946
47946
47946
47946
47950
47950
47950
47950
47950
47950
47950
47950
47950
47957
47959
47959
47959
47959
47961
47966
47969
47975
47976
47976
47977
47977
47977
47977
48072
48072
48072
48072
48072
48072
48072
48072
48072
48072
48072
48072
48072
48072
48072
48072
48072
48072
48072
48072
48072
48072
48072
48072
48072
48072
48072
48072
48072
48072
48072
48072
48072
48072
48073
48073
48073
48073
48073
48073
48073
48073
48073
48073
48073
48080
48092
48092
48092
48092
48092
48092
48092
48092
48092
48092
48092
48092
48102
48117
48117
48117
48117
48117
48117
48117
48117
48117
48117
48117
48117
48117
48117
48117
48117
48117
48117
48117
48137
48140
48140
48140
48140
48140
48140
48143
48143
48143
48143
48143
48143
48180
48180
48180
48180
48180
48180
48180
48180
48180
48180
48180
48180
48180
48180
48180
48180
48180
48210
48214
48235
48264
48272
48273
48281
48281
48281
48283
48287
48288
48289
48289
48289
48289
48289
48289
48289
48289
48289
48290
48290
48290
48290
48291
48291
48291
48291
48291
48291
48291
48291
48291
48291
48291
48291
48291
48291
48291
48291
48291
48291
48291
48291
48291
48291
48291
48291
48291
48291
48291
48291
48291
48291
48291
48291
48294
48298
48298
48299
48299
48299
48320
48321
48321
48321
48321
48322
48326
48326
48326
48326
48326
48326
48326
48328
48328
48328
48328
48328
48328
48328
48328
48328
48328
48330
48330
48330
48330
48330
48330
48330
48330
48330
48330
48330
48330
48338
48338
48338
48338
48339
48339
48339
48339
48339
48339
48339
48339
48356
48356
48356
48356
48356
48356
48356
48356
48356
48356
48356
48379
48379
48379
48379
48379
48379
48379
48379
48379
48379
48379
48379
48391
48396
48396
48396
48396
48396
48396
48396
48396
48396
48396
48396
48396
48396
48396
48396
48396
48396
48396
48396
48396
48396
48500
48504
48504
48504
48504
48504
48504
48504
48504
48504
48504
48504
48504
48504
48504
48504
48504
48504
48504
48504
48504
48504
48504
48504
48504
48504
48504
48504
48504
48504
48504
48504
48504
48504
48504
48504
48504
48504
48504
48504
48504
48504
48504
48504
48504
48504
48505
48505
48505
48505
48505
48505
48505
48510
48510
48510
48510
48511
48511
48511
48511
48511
48511
48511
48511
48514
48519
48519
48519
48519
48519
48519
48519
48519
48519
48519
48519
48519
48519
48519
48519
48519
48520
48520
48520
48520
48520
48520
48523
48523
48523
48523
48523
48523
48523
48538
48547
48547
48547
48547
48547
48547
48547
48547
48547
48547
48547
48547
48547
48547
48547
48547
48549
48549
48549
48560
48561
48561
48561
48561
48564
48564
48564
48564
48564
48564
48564
48565
48565
48574
48574
48575
48575
48575
48575
48580
48580
48580
48592
48592
48592
48592
48601
48611
48611
48611
48611
48611
48611
48611
48611
48611
48611
48611
48611
48611
48611
48611
48611
48611
48611
48611
48611
48611
48611
48611
48617
48619
48619
48619
48619
48626
48631
48631
48631
48632
48637
48637
48637
48637
48637
48637
48637
48647
48648
48648
48648
48648
48648
48648
48651
48651
48651
48651
48651
48663
48664
48664
48664
48664
48664
48666
48666
48666
48666
48666
48678
48678
48678
48678
48678
48678
48678
48678
48678
48698
48698
48698
48698
48698
48698
48698
48698
48698
48698
48698
48698
48698
48698
48698
48698
48705
48705
48705
48705
48705
48712
48715
48715
48715
48726
48727
48732
48732
48757
48758
48758
48758
48758
48758
48758
48758
48758
48758
48758
48758
48758
48758
48758
48758
48758
48758
48759
48759
48759
48759
48759
48759
48759
48759
48759
48759
48759
48759
48759
48759
48769
48780
48780
48780
48780
48780
48780
48780
48780
48780
48780
48780
48780
48781
48781
48781
48784
48784
48784
48784
48784
48784
48794
48796
48796
48796
48796
48796
48796
48796
48796
48826
48826
48830
48834
48834
48834
48834
48834
48834
48834
48834
48834
48834
48834
48834
48834
48834
48834
48835
48835
48835
48835
48835
48835
48835
48835
48835
48835
48835
48843
48843
48927
48937
48937
48938
48938
48938
48938
48938
48938
48938
48938
48938
48938
48938
48938
48938
48938
48938
48938
48938
48938
48938
48938
48938
48938
48938
48938
48938
48938
48938
48938
48939
48939
48939
48939
48939
48939
48939
48939
48939
48939
48939
48939
48942
48942
48942
48942
48942
48942
48942
48942
48942
48942
48944
48944
48954
48972
48972
48973
48973
49000
49005
49005
49005
49005
49005
49005
49005
49005
49005
49005
49005
49005
49005
49005
49005
49010
49023
49029
49029
49029
49038
49054
49063
49065
49065
49065
49065
49065
49065
49065
49065
49065
49071
49072
49075
49075
49075
49089
49092
49097
49126
49126
49126
49126
49150
49160
49182
49188
49188
49188
49188
49188
49188
49189
49189
49189
49189
49189
49189
49189
49189
49189
49189
49189
49189
49269
49278
49287
49289
49289
49289
49289
49289
49289
49289
49289
49289
49289
49289
49289
49291
49297
49297
49297
49297
49297
49297
49297
49297
49297
49297
49297
49297
49297
49322
49339
49344
49346
49346
49346
49346
49346
49346
49346
49346
49346
49346
49346
49346
49346
49346
49346
49346
49346
49346
49346
49346
49346
49346
49346
49346
49346
49367
49367
49375
49411
49416
49416
49416
49416
49416
49416
49416
49416
49416
49416
49416
49416
49416
49416
49416
49416
49416
49416
49427
49431
49431
49431
49431
49431
49431
49431
49446
49463
49492
49544
49553
49553
49553
49553
49553
49553
49553
49553
49553
49553
49553
49553
49553
49553
49553
49574
49576
49576
49576
49576
49576
49576
49576
49576
49576
49588
49593
49593
49593
49593
49593
49593
49593
49593
49593
49593
49593
49593
49593
49593
49593
49874
49880
49887
49891
49891
49891
49891
49891
49891
49895
49895
49897
49904
49904
49904
49904
49904
49904
49904
49904
49904
49904
49904
49904
49904
49904
49904
49904
49904
49904
49904
49904
49904
49904
49904
49904
49904
49904
49904
49904
49904
49904
49904
49904
49904
49904
49904
49904
49904
49906
49908
49908
49908
49908
49908
49908
49908
49908
49908
49908
49908
49908
49908
49908
49908
49908
49908
49908
49908
49908
49908
49908
49908
49908
49908
49908
49908
49908
49908
49908
49908
49908
49908
49908
49908
49908
49908
49908
49908
49920
49920
49920
49920
49920
49921
49921
49921
49921
49930
49930
49930
49936
49946
49948
49948
49948
49948
49948
49948
49948
49948
50029
50033
50038
50048
50048
50048
50055
50055
50055
50059
50059
50059
50059
50059
50059
50059
50059
50059
50063
50065
50065
50065
50065
50065
50065
50065
50065
50065
50065
50065
50065
50065
50065
50065
50065
50065
50065
50065
50065
50065
50065
50065
50065
50065
50065
50065
50065
50065
50065
50065
50065
50065
50065
50098
50099
50100
50100
50100
50100
50100
50100
50100
50100
50100
50100
50100
50102
50102
50102
50102
50102
50102
50102
50102
50103
50103
50103
50103
50103
50103
50103
50114
50116
50117
50117
50123
50128
50130
50131
50131
50132
50132
50132
50132
50132
50132
50132
50132
50145
50145
50145
50162
50190
50191
50191
50191
50192
50196
50196
50196
50196
50196
50196
50196
50196
50196
50196
50196
50196
50196
50196
50196
50196
50204
50204
50205
50205
50205
50205
50205
50205
50206
50206
50206
50206
50206
50207
50207
50207
50219
50221
50221
50221
50221
50221
50222
50222
50222
50222
50231
50234
50240
50243
50243
50243
50243
50243
50243
50243
50243
50243
50244
50245
50245
50245
50249
50261
50263
50278
50278
50301
50307
50310
50310
50310
50310
50310
50310
50312
50318
50318
50318
50318
50329
50329
50329
50330
50332
50332
50332
50337
50339
50340
50352
50353
50358
50361
50361
50363
50363
50367
50367
50367
50367
50367
50367
50367
50367
50367
50367
50397
50408
50408
50408
50408
50408
50408
50408
50408
50408
50408
50408
50408
50408
50408
50417
50419
50419
50419
50419
50419
50419
50419
50478
50488
50500
50502
50504
50504
50504
50504
50504
50504
50504
50504
50504
50504
50504
50504
50504
50504
50504
50504
50504
50504
50504
50504
50504
50504
50504
50504
50504
50504
50504
50504
50504
50504
50504
50504
50504
50504
50504
50504
50504
50504
50504
50504
50504
50504
50504
50504
50504
50504
50504
50504
50504
50504
50504
50504
50504
50507
50507
50507
50507
50507
50510
50510
50510
50510
50510
50510
50510
50510
50510
50510
50510
50511
50573
50588
50589
50589
50589
50595
50600
50600
50646
50646
50646
50646
50646
50646
50646
50646
50646
50646
50646
50646
50646
50646
50646
50646
50646
50646
50646
50646
50646
50661
50661
50663
50671
50674
50678
50678
50678
50679
50679
50682
50682
50682
50682
50682
50682
50682
50682
50682
50682
50682
50682
50682
50682
50682
50682
50682
50682
50682
50683
50698
50731
50738
50741
50741
50741
50744
50744
50744
50746
50747
50747
50747
50784
50784
50784
50784
50784
50784
50784
50784
50838
50842
50842
50842
50842
50842
50842
50842
50862
50867
50867
50867
50867
50867
50867
50867
50867
50867
50867
50867
50867
50867
50867
50867
50867
50867
50867
50867
50867
50867
50867
50867
50867
50867
50867
50867
50867
50867
50867
50867
50867
50867
50873
50873
50873
50873
50873
50873
50873
50873
50873
50877
50877
50877
50877
50877
50884
50884
50886
50886
50886
50947
50948
50948
50948
50948
50948
50948
50948
50948
50948
50948
50948
50948
50948
50958
50962
50962
50962
50962
50975
50975
50975
50986
50993
50993
50993
50993
50993
50993
50993
51002
51006
51008
51013
51015
51015
51015
51019
51019
51019
51019
51019
51019
51029
51030
51030
51030
51030
51048
51058
51058
51059
51059
51059
51059
51059
51059
51059
51059
51059
51059
51059
51059
51059
51059
51059
51104
51106
51106
51106
51106
51106
51106
51115
51115
51115
51115
51115
51115
51125
51126
51126
51126
51126
51126
51129
51131
51131
51131
51131
51131
51131
51131
51131
51131
51144
51145
51145
51145
51151
51152
51152
51152
51152
51152
51152
51152
51152
51152
51152
51153
51163
51164
51164
51169
51172
51173
51173
51173
51173
51173
51173
51173
51173
51188
51199
51204
51209
51219
51235
51239
51239
51239
51239
51248
51248
51248
51248
51248
51248
51248
51248
51248
51248
51248
51248
51248
51286
51288
51288
51288
51288
51288
51288
51288
51288
51288
51288
51288
51288
51288
51289
51289
51289
51289
51289
51289
51289
51289
51289
51289
51353
51354
51354
51354
51354
51354
51361
51366
51369
51369
51369
51369
51369
51369
51369
51369
51369
51369
51377
51383
51388
51388
51388
51388
51388
51388
51388
51394
51394
51394
51394
51394
51394
51394
51394
51394
51394
51394
51394
51398
51398
51398
51398
51398
51408
51417
51417
51417
51417
51418
51418
51418
51418
51418
51418
51425
51425
51425
51471
51475
51475
51475
51475
51475
51475
51480
51481
51481
51481
51481
51481
51481
51481
51481
51481
51481
51481
51481
51481
52611
52611
52612
52612
52612
52613
52614
52614
52614
52614
52614
52614
52614
52614
52614
52619
52619
52619
52619
52619
52619
52619
52619
52619
52619
52619
52619
52619
52619
52619
52619
52619
52619
52619
52619
52619
52619
52620
52620
52621
52621
52621
52621
52621
52621
52621
52621
52621
52621
52621
52621
52621
52621
52621
52621
52621
52623
52623
52623
52623
52623
52623
52623
52623
52623
52623
52623
52623
52623
52623
52623
52623
52623
52623
52623
52623
52623
52623
52623
52623
52623
52623
52623
52623
52623
52623
52623
52623
52623
52623
52623
52623
52623
52623
52625
52625
52625
52636
52638
52638
52638
52638
52638
52638
52638
52638
52638
52638
52644
52651
52651
52651
52651
52651
52651
52651
52651
52651
52651
52651
52651
52651
52651
52651
52651
52651
52651
52651
52651
52651
52651
52651
52651
52651
52651
52651
52651
52651
52651
52661
52661
52661
52661
52661
52661
52661
52661
52661
52661
52661
52661
52661
52661
52661
52661
52661
52661
52661
52661
52661
52661
52661
52661
52661
52661
52661
52661
52661
52661
52661
52661
52661
52661
52661
52661
52661
52661
52661
52661
52661
52661
52661
52661
52661
52661
52661
52661
52661
52661
52661
52661
52661
52661
52661
52669
52669
52694
52694
52694
52694
52694
52694
52694
52694
52694
52694
52700
52700
52700
52700
52700
52700
52700
52700
52700
52705
52709
52709
52709
52709
52709
52709
52709
52709
52709
52709
52709
52709
52709
52709
52709
52709
52715
52753
52755
52755
52755
52755
52755
52755
52755
52755
52755
52755
52755
52755
52755
52755
52755
52755
52755
52755
52755
52755
52762
52762
52762
52762
52762
52762
52762
52762
52762
52762
52762
52762
52762
52762
52762
52762
52762
52762
52762
52762
52762
52762
52762
52762
52762
52762
52762
52762
52762
52762
52762
52762
52763
52763
52763
52763
52763
52763
52763
52763
52763
52763
52763
52763
52763
52763
52763
52763
52763
52763
52763
52763
52763
52763
52763
52763
52763
52763
52763
52763
52763
52763
52763
52763
52763
52763
52763
52763
52763
52763
52763
52763
52763
52763
52763
52763
52763
52763
52763
52763
52763
52763
52763
52763
52763
52763
52763
52763
52763
52763
52763
52763
52763
52776
52781
52784
52784
52786
52786
52786
52786
52786
52786
52786
52786
52786
52786
52786
52786
52786
52786
52786
52786
52786
52786
52786
52786
52786
52786
52786
52786
52786
52786
52786
52786
52786
52786
52786
52786
52786
52786
52786
52786
52786
52786
52793
52793
52793
52793
52793
52793
52793
52793
52793
52794
52794
52794
52794
52794
52794
52794
52794
52794
52794
52794
52794
52794
52794
52794
52794
52794
52794
52794
52795
52795
52795
52795
52795
52795
52795
52795
52795
52795
52795
52812
52812
52812
52812
52816
52816
52816
52816
52816
52816
52816
52816
52816
52816
52816
52816
52816
52816
52816
52816
52816
52816
52831
52833
52833
52833
52833
52833
52833
52833
52833
52833
52833
52833
52833
52833
52833
52833
52833
52833
52833
52833
52833
52833
52833
52833
52833
52864
52864
52864
52864
52864
52864
52864
52864
52864
52864
52864
52864
52864
52864
52864
52864
52864
52864
52864
52864
52864
52864
52864
52864
52864
52864
52864
52864
52864
52864
52864
52864
52864
52864
52864
52864
52865
52865
52865
52865
52865
52865
52887
52888
52888
52888
52888
52888
52888
52888
52888
52888
52888
52888
52888
52888
52888
52888
52888
52888
52889
52889
52889
52889
52889
52889
52889
52889
52889
52889
52889
52889
52889
52889
52889
52889
52889
52889
52889
52889
52889
52889
52889
52889
52889
52889
52889
52889
52889
52889
52903
52905
52905
52905
52905
52905
52905
52905
52951
52953
52953
52953
52953
52953
52953
52953
52953
52953
52953
52958
52958
52958
52958
52958
52975
52977
52977
52991
52995
52997
52997
52997
53002
53007
53007
53007
53007
53007
53007
53007
53007
53007
53007
53007
53007
53007
53007
53015
53019
53034
53034
53034
53034
53043
53043
53043
53043
53043
53043
53043
53043
53043
53043
53043
53043
53043
53043
53043
53043
53043
53043
53043
53043
53043
53043
53043
53043
53043
53043
53043
53052
53052
53052
53052
53052
53052
53052
53052
53052
53127
53127
53127
53127
53127
53127
53127
53127
53127
53127
53127
53127
53127
53127
53127
53127
53127
53127
53127
53127
53127
53127
53127
53127
53127
53127
53127
53127
53128
53128
53128
53128
53128
53128
53128
53128
53128
53128
53128
53128
53128
53128
53128
53128
53128
53128
53129
53129
53129
53129
53129
53129
53129
53129
53129
53130
53130
53130
53130
53130
53130
53130
53130
53130
53130
53130
53130
53130
53130
53130
53130
53130
53130
53130
53130
53130
53130
53130
53130
53130
53192
53192
53192
53192
53209
53209
53209
53209
53209
53209
53209
53209
53209
53209
53209
53210
53210
53210
53210
53210
53210
53210
53210
53210
53210
53212
53222
53222
53222
53222
53222
53222
53222
53222
53222
53222
53222
53224
53224
53224
53224
53224
53224
53224
53224
53224
53226
53226
53226
53226
53226
53226
53226
53226
53226
53226
53226
53226
53226
53226
53226
53226
53226
53226
53226
53226
53226
53226
53226
53226
53226
53226
53226
53226
53226
53226
53226
53226
53226
53226
53226
53226
53227
53227
53227
53227
53227
53227
53227
53227
53227
53227
53227
53227
53227
53227
53227
53227
53227
53227
53227
53227
53227
53227
53227
53231
53232
53232
53232
53232
53232
53232
53232
53232
53232
53243
53247
53252
53260
53260
53260
53260
53260
53260
53260
53260
53260
53260
53260
53260
53260
53260
53260
53260
53260
53260
53260
53263
53263
53263
53265
53265
53328
53331
53331
53331
53332
53332
53332
53332
53332
53332
53332
53332
53332
53332
53332
53332
53332
53332
53332
53333
53333
53333
53333
53333
53333
53333
53333
53334
53334
53334
53334
53334
53334
53344
53345
53345
53345
53345
53345
53346
53346
53346
53346
53346
53346
53346
53346
53346
53346
53346
53346
53346
53346
53346
53346
53346
53346
53346
53346
53346
53346
53346
53346
53346
53346
53346
53346
53346
53346
53346
53346
53346
53360
53361
53361
53361
53361
53361
53361
53362
53362
53362
53362
53362
53362
53362
53362
53362
53362
53362
53362
53362
53362
53362
53362
53362
53362
53362
53362
53362
53394
53413
53415
53415
53415
53415
53415
53415
53415
53415
53415
53415
53415
53418
53422
53426
53426
53426
53435
53435
53435
53441
53453
53453
53460
53462
53463
53463
53490
53490
53490
53490
53491
53494
53498
53498
53498
53498
53498
53498
53498
53498
53498
53498
53498
53498
53498
53498
53498
53498
53520
53531
53531
53531
53531
53531
53531
53531
53531
53531
53531
53531
53531
53531
53531
53531
53531
53532
53532
53532
53554
53590
53593
53593
53593
53593
53593
53593
53593
53593
53593
53593
53593
53593
53593
53593
53593
53593
53593
53593
53593
53593
53593
53593
53593
53593
53593
53593
53593
53593
53593
53593
53593
53593
53593
53593
53593
53593
53593
53593
53593
53593
53593
53593
53593
53593
53593
53593
53609
53618
53625
53626
53626
53626
53626
53626
53626
53626
53626
53626
53626
53627
53627
53627
53627
53627
53627
53627
53649
53653
53661
53661
53670
53670
53673
53673
53673
53673
53673
53683
53685
53685
53685
53685
53685
53690
53690
53696
53702
53723
53723
53723
53723
53723
53723
53723
53723
53723
53723
53723
53723
53723
53723
53723
53723
53723
53723
53723
53723
53723
53723
53723
53723
53723
53723
53723
53728
53739
53742
53751
53751
53751
53751
53751
53751
53755
53764
53765
53765
53765
53776
53779
53779
53779
53779
53779
53779
53779
53779
53779
53779
53779
53779
53779
53779
53779
53779
53779
53779
53779
53779
53779
53779
53780
53780
53780
53780
53780
53780
53780
53780
53780
53780
53780
53780
53780
53780
53780
53780
53780
53780
53780
53780
53780
53784
53784
53803
53806
53823
53824
53824
53830
53835
53835
53835
53835
53835
53835
53835
53842
53843
53844
53844
53844
53844
53844
53844
53844
53844
53844
53844
53844
53844
53844
53853
53854
53854
53854
53854
53855
53855
53855
53855
53855
53856
53856
53856
53856
53856
53856
53856
53856
53873
53873
53873
53874
53874
53874
53874
53874
53874
53874
53874
53878
53890
53900
53900
53900
53900
53900
53900
53900
53905
53906
53906
53915
53928
53932
53932
53932
53932
53932
53932
53932
53932
53932
53932
53932
53932
53932
53932
53932
53932
53939
53946
53949
53953
53961
53963
53963
53963
53963
53963
53963
53988
53988
53988
53988
53988
53988
53988
53988
53990
53990
53990
53990
53990
53990
53994
53995
53995
53995
53996
53996
53997
53997
54073
54073
54073
54073
54073
54073
54073
54073
54073
54073
54073
54077
54082
54082
54082
54082
54082
54083
54083
54083
54083
54083
54083
54083
54083
54083
54083
54083
54083
54083
54088
54088
54088
54088
54088
54088
54088
54088
54088
54088
54088
54088
54088
54088
54088
54088
54088
54088
54088
54088
54088
54089
54089
54089
54089
54089
54089
54098
54101
54101
54101
54101
54102
54102
54102
54102
54102
54102
54102
54102
54102
54102
54123
54123
54123
54123
54123
54123
54123
54123
54123
54123
54123
54123
54123
54123
54123
54124
54124
54124
54124
54124
54124
54124
54124
54144
54164
54170
54170
54170
54170
54170
54170
54170
54170
54170
54170
54170
54170
54170
54170
54172
54172
54206
54211
54212
54212
54212
54212
54212
54212
54212
54212
54212
54212
54212
54212
54212
54212
54212
54212
54216
54218
54224
54229
54229
54229
54229
54229
54229
54229
54229
54229
54229
54229
54229
54229
54229
54229
54229
54229
54229
54229
54229
54229
54229
54229
54229
54234
54239
54239
54239
54239
54239
54244
54246
54252
54253
54253
54263
54266
54272
54272
54272
54309
54314
54319
54319
54319
54319
54319
54319
54319
54319
54319
54319
54319
54319
54319
54319
54319
54319
54319
54319
54325
54325
54325
54326
54326
54338
54344
54344
54344
54344
54344
54344
54344
54344
54344
54344
54344
54352
54372
54376
54376
54376
54376
54376
54376
54376
54376
54376
54380
54385
54385
54386
54386
54386
54436
54443
54448
54452
54452
54452
54452
54452
54452
54452
54452
54452
54452
54463
54463
54463
54463
54463
54463
54463
54463
54463
54563
54569
54569
54569
54569
54569
54569
54569
54569
54569
54569
54569
54569
54569
54569
54569
54569
54569
54569
54569
54569
54569
54569
54569
54569
54569
54569
54569
54569
54578
54578
54579
54579
54579
54677
54677
54677
54678
54678
54678
54678
54678
54678
54678
54678
54678
54678
54678
54678
54678
54688
54688
54688
54688
54704
54704
54704
54704
54704
54704
54704
54705
54705
54705
54705
54705
54705
54705
54705
54705
54705
54705
54705
54705
54705
54705
54705
54705
54726
54729
54729
54729
54729
54730
54730
54730
54730
54730
54730
54730
54730
54730
54730
54730
54730
54730
54730
54730
54730
54730
54730
54730
54730
54730
54730
54730
54730
54730
54730
54730
54730
54730
54730
54730
54730
54730
54730
54730
54730
54735
54740
54740
54740
54740
54740
54766
54769
54775
54775
54775
54775
54775
54775
54783
54806
54810
54821
54821
54821
54821
54844
54847
54847
54847
54904
54909
54920
54920
54920
54920
54920
54920
54920
54920
54920
54920
54920
54920
54929
54940
54948
55035
55036
55046
55055
55067
55151
55209
55225
55233
55353
55357
55364
55441
55574
55577
55604
55620
55648
55687
55717
55717
55749
55753
55753
55782
55782
55782
55794
55810
55819
55841
55843
55843
55856
55873
55874
55892
55892
55982
56075
56084
56085
56085
56085
56085
56085
56085
56100
56101
56101
56289
56296
56296
56296
56296
56296
56296
56296
56303
56303
56303
56303
56303
56303
56303
56303
56303
56303
56303
56303
56307
56318
56318
56318
56318
56318
56318
56318
56318
56318
56318
56318
56318
56336
56341
56341
56341
56356
56357
56357
56370
56381
56381
56381
56381
56381
56391
56408
56408
56408
56412
56424
56430
56430
56430
56446
56446
56446
56446
56450
56452
56452
56452
56452
56452
56452
56464
56465
56465
56596
56596
56598
56598
56598
56598
56598
56598
56598
56598
56598
56598
56598
56603
56614
56614
56614
56614
56614
56614
56614
56614
56614
56614
56614
56614
56616
56616
56618
56618
56618
56618
56623
56625
56625
56625
56625
56625
56625
56625
56627
56643
56643
56649
56650
56669
56669
56669
56669
56669
56671
56679
56729
56729
56729
56729
56729
56729
56729
56729
56747
56750
56750
56769
56771
56796
56796
56810
56811
56811
57409
57409
57409
57409
57409
57409
57409
57409
57409
57409
57409
57409
57409
57409
57409
57409
57409
57409
57852
57869
57870
57893
57926
57998
58111
58227
58264
58534
58862
58905
58928
59007
59007
59104
59114
59147
59251
59252
59252
59281
59312
59368
59441
59441
59524
59526
59526
59560
59561
59620
59623
59694
59694
59694
59813
59813
59833
59835
59855
59920
59922
59922
59936
60022
