0
13
18
20
41
41
52
57
76
90
90
91
112
114
131
131
136
168
171
171
172
172
175
179
278
278
278
279
279
279
279
280
285
286
286
293
297
297
329
329
337
356
358
359
362
365
380
397
437
437
438
438
448
456
517
517
517
523
534
558
561
570
578
601
601
605
615
636
636
643
652
679
683
684
696
696
711
801
801
802
807
808
808
808
808
812
819
837
843
853
861
883
898
912
924
935
951
959
966
974
989
1000
1005
1018
1038
1040
1044
1056
1082
1090
1098
1122
1122
1129
1137
1154
1166
1171
1171
1198
1200
1206
1217
1325
1326
1326
1326
1326
1326
1327
1327
1327
1330
1335
1338
1362
1362
1363
1371
1377
1400
1404
1412
1431
1435
1448
1453
1472
1487
1492
1494
1512
1522
1526
1540
1540
1560
1563
1566
1572
1575
1592
1597
1600
1611
1612
1616
1620
1637
1643
1643
1643
1651
1680
1680
1685
1697
1714
1720
1727
1733
1759
1851
1852
1852
1852
1853
1853
1853
1854
1854
1855
1855
1855
1887
1888
1888
1890
1920
1924
1928
1950
1972
2002
2006
2010
2030
2035
2048
2050
2056
2060
2082
2084
2094
2113
2129
2135
2157
2166
2179
2199
2199
2202
2210
2217
2232
2240
2245
2249
2253
2257
2279
2282
2284
2285
2374
2374
2375
2375
2375
2375
2375
2376
2376
2394
2401
2411
2418
2436
2445
2453
2473
2476
2481
2486
2494
2515
2528
2528
2528
2532
2540
2559
2573
2592
2604
2604
2616
2618
2649
2650
2650
2682
2687
2698
2719
2719
2720
2735
2735
2756
2766
2795
2803
2808
2809
2910
2911
2913
2915
2915
2916
2917
2927
2927
2929
2940
2963
2966
2969
2978
3005
3018
3039
3043
3045
3052
3054
3073
3084
3090
3099
3110
3117
3128
3157
3160
3176
3205
3210
3214
3236
3241
3245
3250
3254
3285
3289
3318
3318
3423
3425
3425
3426
3426
3426
3427
3427
3441
3450
3458
3480
3481
3497
3513
3516
3536
3562
3572
3572
3579
3595
3607
3620
3620
3638
3639
3648
3651
3654
3680
3684
3689
3699
3719
3752
3757
3771
3773
3779
3795
3804
3808
3840
3842
3856
3949
3950
3951
3952
3952
3952
3956
3968
3974
3975
3992
3998
4175
4177
4178
4179
4180
4180
4181
4181
4196
4205
4215
4241
4241
4243
4247
4280
4280
4290
4290
4315
4322
4327
4332
4335
4338
4355
4361
4370
4473
4474
4475
4476
4477
4477
4478
4478
4478
4481
4488
4525
4526
4526
4528
4540
4556
4564
4567
4573
4579
4601
4606
4618
4621
4640
4641
4644
4652
4659
4677
4685
4691
4721
4721
4721
4732
4757
4768
4769
4799
4800
4814
4820
4839
4841
4844
4848
4854
4879
4883
4889
4998
4998
4999
5000
5000
5003
5011
5038
5038
5041
5045
5050
5057
5071
5086
5086
5120
5120
5127
5133
5140
5155
5165
5195
5204
5209
5214
5220
5220
5241
5241
5241
5260
5288
5290
5294
5315
5327
5329
5331
5336
5343
5353
5358
5363
5366
5399
5399
5399
5400
5405
5521
5521
5521
5522
5522
5522
5522
5523
5523
5523
5524
5529
5529
5529
5540
5555
5561
5571
5575
5634
5639
5657
5675
5681
5681
5719
5720
5737
5756
5762
5773
5792
5823
5823
5823
5840
5840
5840
5843
5850
5854
5857
5873
5878
5881
5885
5888
5893
5921
5929
5929
5930
5936
5939
6045
6045
6050
6050
6050
6050
6051
6051
6051
6052
6052
6052
6052
6053
6060
6073
6079
6079
6081
6091
6092
6098
6114
6124
6134
6139
6155
6162
6162
6166
6221
6221
6221
6238
6242
6243
6251
6259
6274
6285
6295
6313
6319
6323
6325
6331
6335
6352
6360
6372
6379
6392
6399
6405
6437
6439
6454
6474
6478
6569
6570
6570
6572
6572
6572
6576
6578
6592
6602
6606
6608
6621
6634
6646
6647
6658
6662
6680
6719
6724
6732
6757
6757
6759
6768
6773
6778
6798
6803
6814
6820
6840
6846
6854
6856
6877
6918
6920
6920
6925
6938
6957
6965
6990
6996
7001
7093
7093
7097
7097
7098
7098
7098
7098
7098
7098
7099
7118
7119
7119
7119
7131
7134
7150
7154
7159
7164
7176
7177
7195
7198
7208
7210
7220
7236
7241
7243
7250
7286
7286
7286
7286
7286
7290
7315
7315
7316
7321
7366
7366
7379
7400
7412
7412
7412
7440
7440
7453
7460
7470
7486
7486
7487
7489
7495
7518
7525
7525
7620
7620
7620
7621
7621
7621
7621
7622
7622
7622
7635
7640
7671
7676
7677
7687
7695
7716
7722
7733
7739
7778
7779
7781
7781
7793
7804
7809
7840
7840
7850
7878
7878
7886
7892
7923
7923
7923
7928
7933
7933
7937
7951
7967
7967
7967
7985
8002
8006
8015
8017
8039
8144
8144
8237
8289
8290
8374
8438
8447
8491
8555
8570
8571
8668
8669
8832
8856
8877
8880
8921
8957
8978
9717
9726
9726
9726
9757
9773
9775
9838
9838
9928
9998
9998
10032
10050
10054
10552
11442
11600
11679
11821
12073
12097
12111
12122
12124
12129
12158
12158
12158
12164
12170
12176
12193
12198
12199
12214
12214
12218
12241
12244
12338
12342
12342
12342
12343
12343
12343
12343
12344
12344
12344
12344
12345
12350
12355
12358
12368
12373
12376
12392
12398
12399
12404
12419
12419
12431
12435
12441
12502
12503
12503
12505
12505
12515
12517
12524
12529
12534
12555
12557
12575
12595
12602
12608
12639
12639
12640
12644
12672
12679
12687
12692
12701
12726
12744
12770
12770
12770
12771
12860
12860
12863
12863
12866
12866
12866
12866
12879
12881
12889
12893
12913
12924
12931
12938
12950
12956
12963
12969
12975
12995
13004
13014
13037
13037
13048
13048
13079
13084
13090
13100
13116
13118
13134
13134
13168
13170
13171
13171
13175
13195
13198
13208
13218
13237
13237
13250
13276
13277
13286
13293
13384
13384
13389
13389
13390
13390
13390
13390
13396
13402
13406
13413
13441
13442
13444
13454
13473
13475
13486
13491
13491
13519
13526
13526
13527
13537
13559
13562
13575
13597
13597
13600
13611
13618
13641
13645
13645
13651
13659
13673
13684
13687
13695
13717
13723
13732
13750
13758
13762
13767
13808
13908
13908
13908
13909
13909
13909
13910
13910
13910
13910
13911
13911
13911
13911
13922
13922
13922
13924
13926
13931
13934
13955
13955
13960
13965
13969
13973
13977
13997
14014
14016
14016
14020
14040
14049
14059
14070
14073
14076
14086
14088
14090
14093
14094
14118
14123
14128
14129
14131
14135
14137
14152
14157
14175
14176
14176
14176
14191
14196
14196
14197
14200
14205
14207
14234
14234
14235
14246
14248
14278
14278
14278
14280
14288
14297
14320
14320
14320
14320
14321
14325
14328
14340
14437
14438
14438
14438
14438
14439
14439
14439
14439
14440
14440
14440
14440
14446
14450
14453
14473
14474
14477
14480
14485
14528
14528
14528
14529
14529
14533
14552
14567
14572
14579
14601
14605
14607
14614
14631
14643
14653
14657
14678
14684
14690
14695
14720
14761
14762
14765
14772
14779
14799
14806
14812
14832
14840
14843
14847
14852
14856
14959
14960
14960
14960
14961
14961
14961
14962
14962
14962
14963
14963
14970
14973
14998
14998
15000
15006
15011
15018
15035
15041
15051
15078
15081
15091
15110
15118
15124
15137
15175
15175
15176
15176
15176
15176
15177
15203
15203
15203
15212
15240
15240
15240
15256
15273
15281
15298
15318
15322
15327
15332
15336
15352
15367
15372
15373
15375
15381
15481
15481
15481
15482
15482
15482
15483
15483
15483
15488
15534
15540
15540
15541
15551
15566
15569
15569
15618
15618
15618
15619
15619
15619
15619
15639
15639
15651
15655
15672
15678
15692
15699
15714
15725
15725
15725
15735
15758
15758
15759
15759
15767
15767
15771
15771
15800
15800
15805
15810
15816
15819
15842
15845
15848
15855
15872
15881
15886
15902
16007
16007
16007
16008
16008
16008
16008
16009
16009
16009
16010
16025
16025
16031
16032
16046
16057
16058
16086
16099
16116
16130
16139
16151
16161
16169
16174
16175
16196
16210
16211
16233
16243
16244
16248
16271
16274
16279
16294
16294
16320
16320
16321
16355
16356
16364
16367
16379
16402
16402
16402
16406
16412
16417
16420
16435
16439
16532
16533
16534
16534
16535
16536
16536
16537
16537
16538
16564
16569
16598
16604
16613
16626
16637
16639
16660
16680
16690
16717
16718
16722
16739
16778
16779
16779
16802
16805
16807
16814
16820
16836
16840
16848
16877
16888
16889
16896
16923
16927
16935
16939
16956
17054
17054
17055
17055
17055
17055
17079
17084
17089
17100
17100
17121
17125
17166
17179
17180
17210
17210
17216
17234
17256
17279
17283
17293
17327
17328
17328
17334
17336
17352
17356
17370
17391
17395
17396
17418
17419
17440
17441
17446
17454
17480
17483
17579
17580
17581
17581
17582
17582
17583
17583
17584
17584
17585
17599
17608
17619
17641
17647
17656
17686
17692
17699
17722
17725
17735
17758
17771
17775
17776
17799
17807
17838
17841
17842
17874
17885
17890
17894
17912
17927
17931
17965
17972
17974
17999
18001
18003
18105
18105
18106
18106
18107
18107
18107
18110
18123
18125
18158
18159
18169
18172
18174
18196
18205
18239
18244
18248
18288
18289
18320
18320
18323
18329
18335
18381
18381
18399
18447
18448
18448
18479
18479
18485
18631
18756
18773
18852
18898
18899
18899
18899
18925
18960
18965
18971
19289
19334
19362
19374
19471
19518
19532
19532
19553
19557
19569
19572
19577
19701
20287
20454
20568
20573
20725
20896
20924
21482
22296
22493
22518
22598
22661
22698
22822
22822
22823
22824
22824
22825
22841
22851
22880
22881
22886
22897
22918
22923
22931
22939
22959
22974
22999
23003
23008
23016
23023
23042
23049
23052
23078
23078
23098
23099
23099
23119
23129
23167
23167
23197
23209
23212
23242
23246
23346
23347
23348
23348
23349
23349
23353
23360
23362
23375
23396
23401
23408
23420
23440
23460
23479
23486
23499
23513
23528
23531
23559
23561
23571
23593
23610
23617
23641
23653
23672
23678
23695
23719
23725
23759
23760
23760
23870
23871
23872
23872
23873
23874
23874
23875
23875
23887
23889
23892
23903
23914
23928
23931
23952
23960
23974
23974
23991
24011
24011
24032
24037
24045
24050
24056
24060
24074
24087
24087
24090
24106
24118
24122
24127
24130
24136
24138
24156
24161
24167
24173
24191
24198
24205
24211
24213
24232
24234
24240
24247
24278
24288
24393
24393
24394
24400
24400
24401
24401
24401
24402
24413
24418
24435
24446
24448
24477
24481
24489
24513
24523
24527
24538
24558
24571
24595
24607
24645
24648
24677
24678
24685
24693
24714
24724
24724
24732
24757
24758
24763
24779
24798
24802
24810
24819
24917
24918
24918
24918
24918
24918
24923
24927
24940
24969
24994
25001
25013
25034
25036
25042
25047
25050
25082
25082
25090
25114
25114
25135
25139
25160
25175
25176
25207
25214
25238
25250
25251
25273
25289
25299
25321
25328
25444
25445
25446
25446
25446
25447
25447
25447
25448
25460
25476
25487
25497
25520
25523
25539
25578
25599
25618
25645
25680
25716
25718
25738
25758
25764
25778
25797
25802
25803
25819
25840
25843
25849
25860
25966
25966
25966
25966
25967
25971
25976
25994
26002
26011
26039
26039
26052
26056
26082
26087
26098
26127
26127
26139
26164
26173
26194
26202
26214
26214
26238
26239
26246
26257
26292
26293
26315
26323
26358
26370
26395
26493
26493
26494
26494
26494
26495
26497
26518
26527
26536
26557
26561
26570
26577
26603
26604
26636
26639
26640
26657
26683
26691
26718
26730
26763
26779
26801
26811
26833
26849
26896
26918
26920
26922
27017
27017
27021
27021
27021
27039
27068
27074
27085
27088
27126
27139
27191
27195
27210
27256
27278
27296
27319
27331
27351
27367
27380
27398
27420
27447
27447
27538
27539
27539
27539
27540
27540
27552
27569
27606
27649
27678
27687
27695
27729
27740
27767
27778
27793
27809
27819
27840
27849
27856
27876
27886
27939
27966
28066
28066
28066
28067
28067
28067
28068
28079
28079
28081
28094
28111
28121
28125
28135
28154
28198
28199
28209
28210
28238
28242
28286
28287
28341
28342
28342
28343
28343
28343
28363
28378
28378
28412
28454
28475
28481
28489
28495
28592
28593
28594
28594
28595
28595
28598
28599
28606
28618
28632
28634
28648
28653
28674
28681
28697
28718
28719
28727
28790
28794
28807
28836
28837
28853
28873
28881
28916
28922
28937
28939
28957
28966
28979
29005
29113
29114
29114
29115
29115
29115
29116
29130
29131
29158
29160
29174
29195
29208
29211
29220
29236
29250
29251
29273
29290
29317
29319
29323
29328
29358
29366
29369
29398
29401
29444
29489
29519
29519
29520
29639
29639
29641
29641
29642
29642
29643
29644
29644
29644
29647
29678
29685
29688
29717
29736
29736
29757
29772
29793
29810
29850
29873
29887
29889
29898
29922
29927
29975
29992
30004
30038
30039
30040
30044
30058
30163
30164
30164
30165
30167
30168
30199
30199
30240
30241
30251
30255
30260
30282
30288
30296
30327
30330
30357
30360
30366
30374
30399
30403
30408
30420
30439
30446
30454
30476
30491
30522
30534
30567
30688
30688
30689
30690
30690
30691
30691
30692
30692
30694
30725
30751
30758
30775
30814
30839
30844
30883
30892
30898
30927
30940
30940
30975
30996
31014
31033
31033
31039
31046
31055
31075
31086
31087
31098
31210
31210
31211
31211
31211
31211
31211
31212
31217
31241
31246
31281
31283
31287
31297
31327
31337
31357
31361
31375
31398
31400
31414
31433
31447
31457
31475
31484
31499
31519
31523
31535
31560
31574
31599
31606
31619
31645
31733
31734
31734
31734
31735
31735
31735
31756
31780
31799
31808
31818
31850
31881
31886
31891
31911
31922
31930
31957
31966
31993
32010
32012
32035
32053
32076
32076
32091
32097
32116
32121
32131
32134
32259
32260
32291
32296
32353
32358
32365
32399
32410
32417
32434
32447
32479
32490
32498
32533
32534
32539
32561
32567
32578
32597
32602
32646
32653
32691
32808
32809
32810
32810
32811
32811
32818
32837
32848
32889
32912
32922
32937
32939
32969
32997
33015
33035
33046
33053
33074
33086
33093
33112
33123
33134
33153
33202
33207
33308
33309
33310
33310
33326
33330
33339
33360
33380
33402
33418
33441
33452
33457
33474
33477
33488
33522
33525
33535
33554
33561
33573
33595
33621
33637
33650
33661
33677
33693
33723
33725
33740
33833
33834
33835
33835
33838
33838
33839
33839
33856
33885
33899
33918
33956
33961
33968
33974
34155
34157
34157
34160
34174
34212
34236
34243
34356
34356
34357
34357
34364
34367
34379
34380
34380
34406
34419
34442
34442
34471
34474
34481
34515
34517
34523
34537
34559
34574
34594
34640
34640
34640
34640
34657
34658
34658
34658
34672
34677
34691
34698
34719
34719
34719
34725
34732
34752
34775
34880
34881
34881
34882
34882
34887
34913
34933
34958
34970
34997
34998
35008
35015
35056
35078
35078
35088
35089
35155
35168
35171
35198
35211
35238
36120
36136
37755
37834
38201
38203
38231
38331
38459
38548
38549
38575
38606
39596
39597
39600
39612
39636
39644
39657
39674
39688
39698
39718
39733
39760
39760
39775
39776
39776
39797
39809
39810
39836
39841
39870
39881
39889
39896
39920
39957
39971
39994
40001
40122
40123
40123
40124
40124
40124
40125
40125
40125
40125
40131
40167
40197
40198
40198
40198
40199
40205
40219
40240
40242
40252
40259
40274
40286
40295
40299
40331
40331
40332
40338
40357
40362
40378
40395
40396
40402
40415
40420
40443
40451
40476
40482
40487
40487
40495
40515
40528
40645
40646
40647
40648
40648
40649
40650
40650
40651
40652
40652
40674
40681
40686
40723
40726
40732
40739
40758
40764
40774
40778
40794
40809
40815
40836
40840
40846
40878
40883
40891
40899
40924
40927
40936
40957
40960
40973
40973
41011
41021
41038
41067
41068
41068
41068
41080
41171
41171
41171
41171
41171
41172
41172
41172
41173
41196
41208
41208
41214
41231
41239
41279
41279
41286
41287
41298
41316
41318
41332
41352
41362
41369
41375
41399
41415
41416
41436
41446
41455
41460
41481
41485
41487
41499
41515
41523
41528
41538
41550
41564
41576
41600
41600
41600
41603
41695
41695
41696
41696
41696
41696
41696
41697
41697
41697
41697
41697
41698
41701
41701
41711
41724
41724
41730
41739
41761
41761
41770
41770
41776
41798
41800
41808
41815
41835
41844
41849
41854
41889
41894
41911
41925
41927
41936
41956
41962
41966
41978
41997
42001
42003
42017
42019
42040
42044
42051
42075
42085
42090
42095
42119
42127
42220
42220
42220
42221
42233
42237
42248
42260
42273
42284
42285
42289
42300
42310
42322
42325
42335
42339
42366
42366
42405
42410
42437
42437
42437
42480
42480
42480
42483
42524
42534
42558
42576
42578
42623
42623
42623
42624
42630
42635
42646
42743
42743
42744
42744
42744
42744
42745
42745
42759
42763
42765
42770
42795
42795
42801
42806
42807
42844
42845
42854
42887
42887
42898
42910
42912
42919
42925
42929
42935
42939
42958
42961
42966
42973
42978
42994
43005
43010
43033
43065
43066
43066
43077
43077
43083
43092
43111
43124
43127
43175
43287
43288
43288
43289
43289
43289
43289
43290
43291
43327
43329
43333
43343
43358
43359
43391
43396
43403
43409
43416
43439
43439
43458
43481
43489
43495
43499
43517
43520
43526
43535
43537
43556
43575
43576
43610
43610
43644
43645
43660
43679
43696
43794
43794
43795
43796
43796
43797
43797
43798
43804
43856
43880
43886
43892
43913
43921
43921
43932
43959
43968
43968
43977
43993
44004
44014
44014
44051
44078
44078
44093
44094
44111
44124
44128
44159
44160
44173
44178
44195
44202
44214
44219
44315
44316
44316
44316
44317
44317
44318
44318
44318
44320
44320
44335
44335
44339
44366
44372
44377
44394
44406
44439
44439
44444
44445
44480
44480
44480
44489
44490
44512
44516
44521
44528
44535
44554
44556
44568
44572
44575
44580
44593
44597
44612
44612
44616
44632
44646
44646
44646
44656
44680
44680
44680
44688
44689
44694
44712
44716
44722
44727
44740
44842
44842
44843
44843
44844
44844
44845
44845
44846
44846
44846
44858
44875
44914
44919
44934
44952
44958
44966
45045
45050
45050
45060
45092
45119
45127
45129
45153
45156
45169
45171
45175
45192
45193
45204
45208
45219
45222
45240
45240
45240
45243
45246
45248
45258
45260
45364
45371
45372
45372
45372
45373
45373
45373
45374
45374
45375
45375
45375
45375
45376
45398
45398
45398
45402
45403
45414
45419
45419
45419
45456
45456
45456
45456
45475
45478
45479
45482
45485
45489
45500
45518
45566
45567
45568
45568
45568
45571
45690
45690
45719
45719
45719
45720
45720
45720
45720
45720
45720
45721
45721
45721
45723
45726
45733
45733
45734
45734
45734
45753
45753
45753
45753
45754
45754
45754
45754
45762
45762
45762
45765
45768
45785
45785
45788
45795
45796
45796
45796
45796
45889
45889
45891
45891
45892
45892
45892
45893
45893
45893
45893
45894
45894
45894
45894
45895
45895
45895
45896
45896
45896
45903
45903
45904
45904
45904
45904
45904
45904
45905
45905
45905
45905
45905
45923
45968
46008
46037
46039
46044
46054
46057
46068
46068
46096
46148
46149
46152
46161
46162
46166
46166
46166
46174
46175
46189
46190
46191
46201
46203
46205
46208
46208
46208
46208
46216
46216
46216
46252
46252
46253
46258
46262
46262
46263
46263
46263
46264
46265
46265
46266
46273
46274
46274
46297
46297
46298
46299
46299
46299
46299
46299
46300
46300
46300
46300
46300
46314
46314
46314
46315
46315
46413
46413
46413
46413
46414
46414
46414
46414
46414
46414
46414
46415
46415
46415
46415
46415
46415
46416
46416
46416
46416
46416
46428
46445
46445
46445
46446
46446
46446
46446
46446
46446
46446
46447
46447
46447
46447
46447
46447
46448
46461
46476
46492
46492
46493
46493
46493
46493
46493
46494
46494
46494
46494
46623
46628
46628
46635
46652
46662
46662
46667
46669
46683
46683
46694
46707
46718
46731
46732
46740
46743
46746
46756
46756
46756
46784
46784
46785
46785
46785
46792
46792
46792
46798
46811
46813
46815
46822
46822
46936
46936
46936
46937
46937
46937
46937
46938
46938
46938
46938
46938
46938
46938
46939
46939
46939
46939
46939
46939
46939
46949
46956
46965
46965
46972
47020
47034
47034
47034
47034
47035
47035
47035
47047
47061
47079
47108
47109
47110
47110
47110
47111
47111
47111
47111
47111
47112
47112
47112
47112
47112
47113
47115
47130
47130
47131
47131
47131
47131
47131
47131
47132
47132
47134
47137
47137
47149
47149
47149
47149
47150
47158
47158
47165
47181
47182
47182
47182
47182
47183
47183
47186
47188
47197
47197
47197
47197
47198
47198
47198
47198
47198
47199
47203
47209
47210
47210
47210
47210
47210
47211
47212
47225
47228
47228
47228
47228
47228
47229
47229
47229
47231
47245
47245
47245
47245
47246
47246
47262
47262
47262
47262
47262
47263
47263
47263
47263
47263
47264
47264
47265
47276
47285
47285
47285
47285
47285
47288
47296
47298
47303
47309
47309
47309
47309
47310
47310
47326
47326
47327
47328
47329
47333
47337
47347
47349
47363
47363
47363
47364
47364
47364
47368
47465
47465
47466
47467
47467
47467
47468
47468
47469
47469
47469
47470
47470
47471
47471
47472
47472
47472
47478
47478
47479
47489
47489
47495
47540
47571
47577
47585
47585
47586
47586
47586
47594
47594
47596
47598
47610
47621
47625
47629
47630
47630
47630
47630
47649
47656
47670
47681
47682
47682
47682
47694
47695
47695
47710
47731
47731
47732
47732
47732
47743
47762
47763
47763
47764
47764
47764
47796
47799
47799
47799
47800
47815
47831
47831
47831
47831
47832
47832
47832
47837
47847
47857
47858
47858
47858
47859
47859
47861
47864
47870
47883
47890
47891
47891
47891
47892
47892
47892
47988
47988
47989
47989
47990
47990
47990
47991
47993
47994
47994
47995
47995
47996
47996
47996
47997
47997
47998
47998
47998
47999
47999
48000
48000
48001
48001
48002
48002
48002
48003
48003
48003
48004
48004
48004
48005
48005
48005
48006
48006
48006
48007
48007
48007
48007
48008
48008
48008
48009
48009
48009
48010
48010
48015
48015
48015
48016
48016
48016
48016
48019
48019
48019
48020
48020
48021
48024
48027
48028
48028
48028
48031
48035
48039
48039
48040
48040
48044
48050
48060
48061
48061
48061
48061
48063
48068
48085
48090
48093
48093
48093
48094
48103
48105
48105
48105
48106
48122
48123
48123
48126
48129
48156
48163
48168
48168
48168
48172
48172
48172
48178
48178
48190
48191
48191
48191
48191
48201
48202
48205
48205
48205
48210
48217
48224
48233
48233
48234
48241
48266
48278
48278
48278
48278
48278
48278
48293
48310
48310
48311
48311
48314
48330
48330
48330
48339
48339
48349
48362
48362
48363
48363
48363
48363
48363
48375
48387
48388
48388
48388
48388
48392
48397
48397
48397
48402
48412
48414
48512
48512
48512
48513
48513
48513
48513
48513
48514
48514
48514
48514
48514
48519
48519
48520
48520
48520
48520
48520
48521
48521
48521
48522
48522
48522
48522
48523
48528
48532
48532
48536
48543
48543
48546
48546
48549
48559
48559
48560
48561
48571
48574
48574
48574
48575
48578
48578
48578
48585
48589
48599
48607
48607
48607
48608
48610
48620
48620
48642
48642
48642
48643
48643
48643
48643
48644
48644
48644
48644
48644
48646
48659
48662
48662
48662
48662
48662
48662
48662
48663
48669
48672
48675
48675
48675
48691
48691
48691
48691
48691
48691
48692
48692
48692
48693
48699
48699
48705
48708
48708
48708
48708
48708
48718
48721
48721
48721
48724
48724
48725
48725
48727
48727
48738
48738
48738
48741
48746
48748
48748
48749
48759
48759
48759
48761
48764
48765
48769
48769
48770
48773
48779
48781
48788
48789
48797
48798
48798
48807
48814
48814
48814
48814
48816
48823
48828
48828
48828
48828
48829
48833
48835
48839
48840
48842
48854
48859
48860
48860
48898
48900
48900
48902
48902
48902
48902
48902
48902
48903
48903
48903
48903
48903
48903
48903
48904
48904
48904
48904
48904
48913
48913
48914
48939
49033
49033
49033
49033
49034
49034
49034
49034
49035
49035
49035
49035
49035
49036
49036
49036
49036
49038
49038
49039
49039
49039
49039
49040
49040
49040
49040
49040
49041
49041
49041
49041
49041
49041
49042
49042
49042
49042
49042
49043
49043
49043
49043
49043
49060
49068
49088
49092
49096
49096
49096
49096
49096
49097
49097
49097
49097
49125
49143
49158
49165
49166
49166
49166
49166
49166
49166
49167
49167
49168
49168
49168
49168
49169
49170
49192
49193
49193
49193
49203
49203
49206
49210
49210
49210
49211
49211
49217
49227
49241
49259
49277
49279
49284
49284
49284
49284
49285
49285
49285
49285
49285
49286
49286
49286
49287
49287
49287
49287
49287
49287
49292
49292
49295
49298
49298
49299
49308
49308
49310
49310
49311
49312
49325
49332
49342
49342
49342
49342
49343
49343
49343
49358
49359
49359
49368
49390
49412
49413
49413
49413
49413
49414
49414
49414
49414
49415
49415
49415
49415
49415
49416
49416
49416
49423
49439
49443
49443
49444
49444
49444
49444
49450
49450
49451
49451
49452
49465
49561
49561
49562
49562
49563
49563
49563
49563
49564
49564
49564
49565
49565
49565
49565
49566
49566
49567
49567
49567
49567
49568
49568
49569
49569
49569
49570
49570
49570
49570
49571
49571
49572
49572
49572
49572
49573
49573
49573
49582
49584
49585
49592
49602
49602
49602
49603
49603
49603
49605
49610
49616
49616
49616
49617
49620
49627
49629
49633
49638
49638
49639
49639
49639
49640
49647
49652
49654
49670
49670
49671
49671
49671
49671
49672
49672
49672
49686
49686
49687
49687
49687
49687
49690
49707
49708
49708
49708
49711
49712
49712
49712
49712
49722
49722
49722
49727
49745
49745
49746
49746
49746
49746
49747
49747
49753
49754
49757
49757
49757
49757
49758
49758
49762
49771
49777
49777
49778
49778
49778
49778
49778
49779
49779
49779
49779
49779
49780
49780
49780
49780
49781
49781
49781
49781
49781
49782
49783
49785
49788
49788
49789
49789
49793
49793
49802
49803
49803
49803
49803
49808
49809
49812
49812
49812
49813
49813
49813
49817
49817
49818
49818
49819
49822
49822
49822
49822
49824
49837
49838
49838
49838
49839
49839
49839
49847
49847
49848
49848
49848
49848
49849
49849
49849
49849
49851
49852
49855
49859
49869
49869
49870
49870
49870
49870
49870
49896
49896
49946
49947
49947
49947
49948
49948
49948
49949
49949
49949
49949
49950
49950
49950
49950
49951
49951
49951
49951
49952
49952
49952
49953
49953
49953
49953
49954
49954
49954
49955
49955
49955
49956
49956
49956
49956
49957
49957
49957
49957
49957
49958
49958
49958
49958
49958
49959
49965
49965
49965
49965
49965
49966
49967
49967
49968
49973
49980
49981
49981
49981
49981
49982
49982
49982
49984
49984
49984
49984
49993
50084
50085
50085
50085
50086
50086
50086
50086
50087
50087
50087
50087
50087
50088
50088
50088
50088
50089
50089
50089
50089
50090
50090
50090
50090
50090
50090
50091
50091
50091
50091
50092
50092
50092
50092
50092
50093
50093
50093
50093
50093
50094
50094
50094
50094
50095
50095
50095
50095
50096
50096
50096
50096
50096
50097
50097
50097
50097
50097
50097
50098
50098
50098
50098
50098
50098
50099
50099
50107
50107
50115
50116
50116
50116
50116
50116
50116
50118
50140
50140
50141
50141
50141
50141
50141
50141
50142
50142
50142
50142
50147
50147
50147
50147
50147
50159
50161
50163
50172
50172
50172
50173
50173
50173
50173
50174
50174
50174
50175
50175
50175
50175
50175
50176
50178
50178
50178
50178
50178
50179
50189
50192
50192
50193
50193
50196
50202
50202
50202
50202
50202
50203
50203
50203
50203
50205
50205
50218
50218
50218
50219
50219
50223
50223
50223
50223
50224
50231
50245
50262
50262
50262
50263
50263
50263
50263
50264
50264
50264
50265
50265
50265
50265
50265
50265
50266
50275
50276
50276
50276
50277
50277
50282
50394
50395
50398
50418
50418
50422
50442
50442
50443
50443
50444
50444
50444
50445
50445
50446
50446
50446
50446
50447
50447
50448
50449
50449
50450
50450
50455
50459
50472
50473
50473
50473
50474
50474
50474
50475
50475
50475
50494
50495
50503
50503
50503
50504
50504
50504
50508
50509
50509
50523
50523
50523
50524
50524
50608
50609
50609
50609
50610
50610
50610
50611
50611
50611
50612
50612
50612
50613
50613
50613
50613
50614
50614
50614
50615
50615
50616
50616
50616
50617
50617
50618
50618
50618
50619
50619
50619
50620
50620
50620
50622
50623
50623
50625
50628
50634
50640
50644
50651
50652
50652
50652
50652
50653
50653
50656
50661
50673
50673
50674
50709
50710
50710
50710
50711
50711
50711
50711
50712
50715
50720
50723
50728
50733
50738
50739
50739
50740
50740
50740
50740
50741
50749
50763
50767
50768
50768
50768
50768
50769
50769
50769
50769
50772
50779
50785
50786
50786
50787
50787
50787
50787
50789
50802
50803
50803
50803
50803
50812
50819
50822
50822
50822
50822
50823
50823
50823
50823
50823
50824
50825
50838
50838
50838
50838
50844
50844
50844
50845
50857
50859
50863
50864
50864
50864
50864
50865
50865
50865
50865
50866
50867
50867
50867
50879
50888
50888
50888
50889
50890
50910
50910
50910
50911
50911
50911
50912
50912
50912
50912
50912
50913
50913
50913
50913
50913
50916
50917
50917
50917
50918
50918
50918
50918
50918
50929
50936
50936
50936
50936
50937
50937
50937
50937
50961
50982
50982
50995
51006
51006
51006
51007
51007
51007
51007
51007
51007
51007
51008
51008
51008
51008
51008
51008
51009
51009
51009
51009
51009
51009
51010
51010
51010
51010
51010
51010
51011
51012
51012
51016
51025
51025
51026
51026
51026
51026
51026
51026
51027
51027
51036
51040
51131
51132
51132
51132
51133
51133
51133
51133
51133
51133
51137
51143
51143
51143
51143
51144
51144
51144
51144
51144
51145
51145
51145
51145
51145
51145
51146
51146
51146
51146
51146
51147
51147
51147
51147
51147
51148
51148
51148
51148
51149
51149
51149
51149
51149
51150
51150
51152
51153
51153
51153
51153
51153
51154
51154
51154
51154
51154
51154
51154
51155
51155
51158
51158
51177
51181
51189
51196
51196
51196
51196
51197
51197
51197
51197
51197
51197
51199
51199
51200
51200
51200
51200
51200
51201
51213
51218
51218
51225
51226
51226
51226
51226
51226
51226
51227
51227
51227
51228
51230
51234
51234
51234
51235
51235
51239
51243
51243
51244
51245
51245
51252
51252
51256
51262
51262
51262
51262
51262
51265
51278
51279
51285
51285
51285
51285
51285
51285
51286
51286
51286
51286
51286
51286
51287
51287
51292
51294
51294
51296
51298
51298
51307
51307
51307
51307
51307
51308
51320
51322
51326
51331
51331
51331
51331
51331
51332
51332
51334
51335
51335
51335
51336
51340
51340
51344
51345
51347
51351
51353
51360
51360
51360
51360
51360
51401
51401
51402
51402
51402
51402
51403
51403
51403
51403
51403
51404
51404
51404
51404
51405
51405
51405
51405
51407
51410
51416
51422
51422
51422
51423
51423
51423
51425
51429
51434
51434
51435
51438
51446
51447
51461
51461
51461
51461
51461
51465
51468
51473
51476
51476
51476
51477
51477
51478
51485
51485
51489
51493
51499
51506
51506
51506
51506
51507
51516
51516
51521
51525
51538
51541
51545
51545
51546
51546
51546
51546
51557
51557
51557
51560
51658
51658
51658
51658
51659
51659
51659
51659
51659
51660
51660
51660
51660
51660
51660
51660
51661
51661
51661
51661
51661
51662
51662
51662
51662
51662
51663
51663
51663
51663
51663
51663
51664
51664
51664
51664
51664
51664
51665
51665
51665
51665
51670
51678
51689
51694
51695
51695
51695
51695
51695
51695
51696
51704
51739
51739
51740
51740
51740
51745
51749
51756
51762
51763
51763
51763
51763
51764
51764
51767
51767
51769
51773
51776
51781
51785
51793
51793
51797
51806
51807
51807
51822
51838
51839
51839
51839
51839
51839
51840
51847
51849
51863
51863
51863
51880
51880
51880
51882
51882
51882
51895
51898
51899
51899
51907
51912
51915
51915
51916
51922
51922
51926
51929
51929
51934
51941
51941
51941
51945
51945
51953
51953
51959
51959
51959
51959
51959
51967
51967
51968
51972
51974
51976
51976
51977
51979
51993
51993
51993
51995
51999
52003
52006
52010
52012
52012
52012
52015
52021
52021
52021
52022
52027
52029
52040
52041
52041
52041
52042
52042
52042
52042
52042
52042
52043
52054
52054
52056
52057
52058
52065
52068
52068
52068
52069
52075
52075
52075
52075
52076
52076
52076
52086
52087
52087
52087
52087
52187
52187
52188
52188
52188
52188
52188
52190
52191
52191
52191
52192
52192
52192
52192
52193
52193
52193
52193
52194
52194
52194
52194
52194
52194
52194
52195
52195
52195
52195
52195
52196
52196
52196
52196
52196
52196
52197
52197
52197
52198
52198
52198
52198
52199
52199
52199
52199
52199
52217
52217
52217
52217
52218
52218
52218
52218
52218
52220
52220
52220
52220
52221
52228
52228
52240
52240
52240
52240
52240
52240
52241
52241
52243
52251
52260
52261
52266
52273
52273
52273
52273
52274
52275
52275
52275
52288
52288
52288
52288
52288
52288
52289
52290
52291
52300
52301
52301
52301
52301
52316
52317
52317
52317
52317
52317
52320
52320
52326
52328
52334
52335
52335
52335
52335
52347
52347
52347
52348
52348
52348
52348
52350
52350
52350
52350
52350
52353
52363
52363
52367
52367
52367
52379
52379
52382
52397
52398
52398
52398
52399
52399
52399
52399
52399
52399
52400
52400
52400
52400
52400
52400
52400
52401
52401
52412
52413
52413
52413
52413
52413
52413
52414
52415
52421
52427
52428
52428
52428
52428
52428
52428
52429
52429
52429
52429
52429
52429
52434
52439
52441
52462
52462
52462
52462
52462
52462
52462
52463
52464
52464
52464
52464
52464
52464
52464
52465
52465
52465
52465
52465
52466
52466
52466
52466
52467
52467
52467
52467
52477
52477
52485
52492
52495
52496
52496
52496
52496
52496
52496
52497
52497
52497
52497
52497
52497
52497
52498
52498
52504
52509
52511
52522
52522
52523
52523
52523
52523
52523
52523
52524
52524
52524
52524
52524
52524
52525
52525
52525
52526
52526
52526
52527
52527
52527
52527
52527
52527
52531
52533
52545
52545
52548
52549
52549
52549
52549
52549
52549
52550
52550
52550
52550
52550
52551
52559
52564
52565
52565
52565
52565
52565
52565
52566
52566
52566
52566
52566
52569
52569
52569
52573
52575
52580
52582
52587
52587
52587
52587
52588
52588
52588
52588
52589
52589
52589
52589
52590
52590
52595
52601
52602
52612
52612
52612
52613
52613
52613
52613
52613
52613
52614
52614
52614
52614
52616
52616
52616
52616
52616
52616
52617
52708
52708
52708
52708
52708
52709
52709
52709
52710
52710
52710
52710
52710
52711
52711
52712
52712
52712
52712
52712
52713
52713
52713
52713
52713
52714
52714
52714
52714
52714
52714
52715
52715
52715
52715
52715
52715
52716
52716
52716
52716
52716
52716
52716
52717
52717
52717
52717
52717
52717
52718
52718
52718
52718
52718
52718
52718
52719
52721
52727
52736
52736
52736
52736
52736
52737
52737
52737
52737
52737
52737
52737
52737
52738
52738
52738
52738
52738
52738
52738
52738
52739
52750
52750
52750
52750
52751
52751
52751
52751
52751
52751
52752
52752
52752
52752
52752
52752
52752
52752
52753
52757
52766
52766
52767
52767
52767
52767
52767
52767
52768
52768
52768
52768
52768
52768
52768
52769
52769
52773
52789
52792
52794
52795
52795
52795
52796
52796
52796
52797
52797
52797
52797
52797
52797
52797
52798
52798
52798
52798
52798
52798
52798
52799
52799
52799
52799
52800
52800
52800
52808
52824
52824
52824
52824
52824
52825
52825
52825
52825
52825
52825
52825
52826
52826
52826
52827
52827
52827
52828
52828
52828
52828
52832
52832
52833
52833
52834
52845
52887
52887
52887
52887
52887
52888
52888
52888
52889
52889
52889
52889
52890
52890
52890
52891
52891
52892
52892
52892
52892
52892
52893
52893
52893
52893
52894
52894
52894
52894
52894
52894
52895
52895
52895
52895
52895
52896
52896
52896
52896
52896
52896
52896
52897
52897
52897
52897
52897
52898
52898
52898
52898
52898
52898
52899
52899
52899
52899
52900
52900
52900
52900
52900
52900
52900
52905
52905
52905
52905
52905
52905
52906
52906
52906
52906
52906
52906
52907
52907
52908
52915
52915
52921
52921
52922
52922
52922
52922
52922
52922
52924
52927
52940
52945
52945
52945
52945
52946
52946
52946
52946
52946
52947
52947
52947
52947
52947
52956
52956
52965
52965
52966
52966
52966
52967
52967
52967
52967
52967
52967
52968
52968
52968
52968
52986
52998
53004
53004
53004
53004
53005
53005
53005
53006
53006
53006
53006
53006
53007
53007
53007
53007
53007
53008
53008
53008
53008
53008
53008
53009
53009
53009
53009
53009
53010
53010
53011
53011
53011
53011
53023
53023
53023
53023
53023
53025
53026
53026
53026
53026
53026
53042
53055
53056
53057
53059
53062
53063
53063
53064
53079
53080
53090
53091
53091
53092
53092
53092
53093
53093
53093
53093
53094
53094
53094
53094
53094
53094
53095
53095
53095
53095
53095
53095
53095
53095
53096
53096
53096
53096
53096
53096
53096
53097
53097
53116
53132
53133
53133
53133
53133
53133
53133
53134
53134
53134
53134
53134
53134
53134
53134
53135
53135
53135
53135
53229
53231
53231
53231
53232
53232
53232
53232
53233
53233
53233
53233
53234
53234
53234
53234
53235
53235
53235
53236
53236
53236
53236
53236
53237
53237
53237
53237
53237
53237
53238
53238
53238
53238
53238
53238
53239
53239
53239
53239
53239
53240
53240
53240
53240
53244
53255
53271
53271
53271
53271
53272
53272
53272
53272
53272
53273
53273
53273
53273
53273
53274
53279
53279
53279
53279
53279
53287
53289
53303
53304
53312
53313
53313
53313
53313
53313
53314
53314
53314
53314
53315
53315
53315
53327
53330
53339
53341
53354
53354
53354
53354
53355
53355
53355
53355
53356
53356
53356
53356
53357
53357
53357
53359
53359
53361
53367
53367
53368
53368
53368
53368
53369
53369
53369
53369
53381
53381
53384
53386
53386
53386
53387
53388
53388
53392
53399
53410
53416
53417
53417
53417
53418
53418
53418
53418
53418
53419
53419
53419
53419
53419
53419
53420
53420
53420
53420
53420
53420
53420
53421
53421
53421
53421
53421
53422
53422
53422
53422
53422
53429
53440
53440
53440
53441
53441
53441
53441
53442
53442
53442
53442
53442
53442
53443
53444
53455
53461
53461
53461
53462
53462
53462
53462
53463
53463
53463
53463
53463
53463
53464
53464
53464
53465
53476
53477
53477
53478
53478
53478
53478
53479
53480
53480
53480
53480
53481
53481
53481
53481
53484
53498
53513
53543
53544
53544
53544
53545
53545
53545
53545
53546
53546
53546
53546
53546
53547
53547
53547
53547
53547
53548
53548
53548
53548
53549
53549
53549
53549
53549
53550
53550
53550
53550
53550
53551
53551
53551
53551
53551
53552
53552
53552
53552
53552
53552
53552
53553
53553
53553
53553
53553
53553
53554
53554
53554
53554
53554
53554
53596
53621
53626
53626
53627
53627
53627
53628
53628
53628
53628
53629
53629
53629
53630
53630
53631
53631
53631
53631
53632
53632
53632
53632
53633
53633
53633
53633
53633
53634
53634
53634
53634
53634
53635
53635
53635
53636
53636
53636
53636
53637
53637
53637
53637
53638
53638
53638
53638
53639
53639
53639
53640
53640
53640
53640
53641
53641
53641
53641
53641
53642
53642
53642
53642
53642
53642
53643
53643
53643
53643
53643
53643
53662
53752
53752
53752
53753
53753
53753
53754
53754
53754
53754
53755
53755
53755
53755
53756
53756
53756
53756
53757
53757
53757
53758
53758
53758
53758
53758
53759
53759
53759
53760
53760
53760
53761
53761
53762
53762
53762
53763
53763
53763
53763
53764
53764
53764
53764
53765
53775
53795
53816
53832
53832
53833
53833
53833
53834
53834
53834
53834
53835
53835
53835
53836
53836
53836
53837
53837
53837
53837
53837
53838
53838
53838
53838
53838
53839
53839
53839
53839
53839
53840
53840
53841
53853
53853
53854
53854
53854
53855
53855
53855
53856
53856
53856
53860
53861
53865
53865
53865
53866
53866
53866
53872
53882
53883
53901
53901
53902
53902
53902
53903
53903
53903
53903
53903
53903
53904
53904
53904
53904
53904
53904
53905
53905
53905
53905
53905
53906
53906
53906
53907
53909
53924
53924
53925
53925
53925
53925
53925
53928
53934
53934
53935
53935
53935
53935
53936
53936
53944
53946
53951
53971
53971
53972
53972
53972
53972
53973
53973
53973
53973
53973
53973
53974
53974
53974
53974
53974
53974
53974
53975
53975
53975
53978
53989
53990
53990
53990
53990
53990
53991
53991
54002
54009
54010
54010
54010
54010
54010
54011
54011
54025
54029
54041
54041
54041
54042
54042
54042
54042
54042
54042
54043
54043
54047
54052
54052
54052
54066
54083
54083
54083
54083
54083
54083
54084
54084
54084
54084
54103
54103
54103
54103
54103
54104
54104
54117
54117
54118
54118
54118
54118
54128
54128
54145
54148
54159
54159
54160
54160
54160
54160
54161
54162
54162
54162
54162
54162
54163
54163
54163
54163
54163
54163
54164
54164
54164
54164
54164
54173
54280
54281
54281
54281
54282
54282
54282
54283
54283
54283
54284
54284
54284
54284
54285
54285
54286
54286
54286
54287
54287
54287
54288
54288
54288
54289
54289
54289
54290
54290
54290
54290
54291
54291
54291
54291
54292
54292
54292
54293
54293
54293
54294
54294
54294
54295
54295
54295
54295
54296
54296
54296
54297
54297
54297
54297
54298
54298
54298
54299
54299
54305
54309
54309
54310
54310
54310
54311
54311
54311
54311
54312
54312
54312
54312
54312
54350
54382
54382
54383
54383
54383
54383
54384
54384
54385
54385
54385
54386
54386
54386
54386
54387
54387
54387
54387
54388
54388
54388
54388
54389
54389
54389
54389
54390
54390
54390
54390
54390
54390
54411
54423
54428
54429
54429
54429
54429
54430
54430
54430
54430
54431
54431
54431
54445
54452
54458
54465
54465
54465
54465
54466
54466
54474
54483
54499
54516
54516
54516
54535
54535
54549
54550
54593
54603
54619
54630
54644
54644
54645
54645
54645
54645
54646
54646
54646
54646
54655
54665
54684
54695
54704
54804
54811
54811
54812
54847
54925
54982
54994
55005
55117
55126
55144
55229
55331
55331
55383
55408
55429
55445
55450
55476
55494
55496
55503
55529
55541
55563
55569
55593
55601
55612
55618
55628
55641
55651
55655
55673
55677
55748
55850
55854
55855
55855
55855
55855
55856
55866
55873
55877
55879
55906
55909
55935
55936
55940
55944
55956
55958
55960
55968
55972
55989
55998
56003
56010
56016
56024
56029
56034
56038
56042
56052
56052
56057
56060
56065
56065
56066
56077
56082
56082
56089
56093
56104
56114
56121
56125
56129
56137
56140
56146
56151
56154
56159
56163
56168
56172
56180
56182
56188
56190
56199
56200
56203
56206
56220
56220
56220
56221
56225
56226
56226
56227
56232
56236
56238
56242
56245
56248
56375
56375
56375
56376
56376
56377
56377
56378
56378
56379
56379
56379
56380
56380
56380
56381
56381
56382
56382
56382
56383
56383
56383
56384
56384
56385
56385
56386
56386
56386
56387
56387
56387
56388
56388
56388
56393
56394
56400
56404
56414
56420
56423
56431
56431
56436
56438
56447
56447
56450
56454
56460
56467
56477
56480
56484
56495
56502
56513
56515
56525
56529
56535
56547
56562
56569
56569
56577
56586
56586
56594
56598
56614
56628
56628
56634
56645
56653
56663
56670
56684
56685
56693
56699
56717
56724
56728
56739
57063
57264
57428
57564
57594
57695
57810
57854
57948
58238
58572
58635
58661
58680
58680
58680
58680
58704
58708
58708
58708
58708
58714
58722
58723
58723
58735
58736
58736
58743
58744
58749
58749
58768
58768
58769
58769
58769
58769
58769
58790
58790
58790
58791
58804
58820
58823
58823
58823
58824
58824
58824
58824
58825
58833
58844
58844
58849
58849
58849
58849
58864
58881
58901
58901
58902
58902
58902
58902
58902
58997
58998
59001
59001
59001
59037
59038
59038
59039
59039
59039
59040
59040
59040
59099
59102
59114
59114
59114
59114
59115
59115
59115
59115
59116
59116
59116
59116
59116
59116
59117
59117
59117
59117
59117
59117
59118
59118
59118
59118
59118
59118
59118
59118
59119
59119
59119
59119
59119
59119
59120
59120
59120
59120
59120
59120
59120
59120
59121
59121
59121
59121
59128
59129
59133
59147
59147
59147
59147
59147
59148
59148
59148
59148
59148
59148
59148
59149
59149
59149
59149
59149
59149
59155
59166
59166
59166
59166
59166
59167
59167
59167
59167
59167
59168
59168
59183
59183
59183
59183
59183
59183
59189
59204
59205
59205
59205
59205
59206
59206
59206
59206
59206
59206
59206
59240
59250
59263
59265
59265
59265
59265
59266
59266
59266
59266
59266
59266
59267
59267
59267
59267
59267
59267
59267
59267
59268
59268
59268
59268
59268
59268
59268
59284
59301
59310
59310
59310
59311
59311
59311
59311
59311
59311
59311
59312
59312
59312
59312
59312
59312
59313
59313
59313
59313
59313
59313
59313
59314
59314
59314
59314
59314
59314
59314
59315
59315
59315
59315
59315
59315
59321
59331
59338
59338
59338
59339
59339
59339
59339
59339
59339
59339
59339
59340
59340
59340
59340
59342
59350
59355
59363
59370
59370
59371
59371
59371
59371
59371
59371
59372
59372
59372
59372
59372
59372
59372
59373
59373
59373
59373
59373
59373
59373
59384
59388
59393
59393
59393
59393
59393
59393
59393
59394
59394
59394
59394
59398
59413
59420
59420
59420
59421
59421
59421
59421
59421
59421
59421
59421
59423
59527
59527
59527
59528
59528
59528
59529
59529
59529
59530
59530
59530
59531
59531
59531
59531
59532
59532
59532
59533
59533
59533
59533
59534
59534
59534
59534
59534
59535
59535
59535
59535
59535
59535
59536
59536
59536
59536
59536
59536
59536
59537
59537
59537
59537
59537
59538
59538
59538
59538
59538
59538
59539
59539
59539
59539
59539
59539
59540
59540
59540
59540
59540
59540
59541
59541
59541
59541
59543
59553
59562
59568
59568
59568
59568
59568
59568
59569
59569
59569
59569
59569
59569
59570
59570
59570
59570
59670
59670
59670
59671
59671
59671
59672
59672
59672
59720
59728
59772
59776
59778
59841
59854
59858
59886
59891
59918
59919
59937
60046
60047
60048
60081
60089
60164
60167
60205
60205
60207
60238
60260
60286
60339
60358
60365
60404
60438
60570
60570
60572
60573
60574
60574
60577
60597
60620
60640
60654
60657
60683
60696
60720
60729
60753
60770
60773
60779
60801
60801
60816
60837
60848
60851
60878
60879
60879
60891
60919
60919
60922
60928
60958
60959
60959
60964
60973
61093
61094
61094
61120
61130
61131
61136
61176
61176
61198
61200
61231
61251
61278
61290
61313
61326
61339
61361
61366
61398
61404
61408
61440
61455
61458
61478
61500
61518
61522
61621
61621
61622
61622
61623
61623
61624
61637
61647
61673
61675
61687
61693
61717
61720
61733
61767
61774
61790
61800
61807
61812
61831
61835
61843
61853
61855
61855
61873
61878
61884
61889
61918
61918
61918
61927
61934
61950
61955
61960
61971
61975
61997
61998
61998
62001
62013
62018
62194
62200
62206
62214
62219
62236
62243
62257
62262
62267
62281
62366
62381
62385
62385
62385
62386
62386
62386
62387
62387
62387
62387
62388
62388
62388
62389
62393
62405
62412
62412
62422
62429
62429
62431
62439
62482
62482
62483
62483
62483
62487
62490
62500
62503
62506
62518
62541
62541
62541
62542
62543
62548
62555
62561
62566
62572
62663
62664
62664
62664
62664
62665
62665
62665
62665
62665
62666
62666
62666
62667
62673
62681
62702
62706
62716
62726
62727
62734
62745
62757
62760
62776
62793
62811
62832
62845
62864
62864
62875
62886
62926
62926
62926
62937
62943
62950
62961
62999
63026
63031
63042
63047
63082
63095
63190
63191
63191
63196
63271
63282
63288
63303
63366
63367
63401
63401
63415
63417
63418
63428
63441
63446
63447
63447
63448
63448
63450
63479
63486
63486
63510
63511
63511
63511
63512
63517
63525
63539
63541
63541
63542
63542
63542
63543
63543
63552
63565
63572
63573
63573
63576
63588
63591
63601
63610
63623
63623
63623
63624
63624
63625
63625
63626
63714
63715
63715
63716
63716
63717
63717
63718
63718
63719
63719
63720
63720
63721
63721
63722
63722
63727
63727
63727
63728
63728
63728
63735
63751
63757
63757
63758
63758
63758
63758
63767
63767
63768
63782
63787
63787
63837
63837
63838
63838
63839
63839
63839
63840
63840
63844
63847
63847
63847
63849
63851
63859
63859
63862
63875
63886
63886
63886
63887
63887
63887
63887
63907
63907
63908
63909
63922
63928
63928
63929
63929
63929
63929
63946
63946
63951
63960
63966
63966
63967
63967
63967
63968
63968
63968
63975
63981
63987
63987
63987
63988
63988
63988
63991
64002
64002
64002
64002
64003
64003
64015
64022
64033
64050
64050
64051
64051
64051
64051
64052
64052
64052
64052
64053
64057
64239
64240
64241
64241
64241
64242
64243
64243
64243
64244
64244
64245
64245
64245
64246
64246
64247
64247
64247
64247
64248
64248
64248
64249
64251
64254
64269
64269
64279
64280
64280
64281
64281
64281
64282
64282
64284
64288
64297
64297
64297
64302
64306
64312
64313
64313
64320
64324
64340
64350
64352
64352
64352
64352
64353
64353
64356
64358
64370
64371
64382
64387
64404
64405
64405
64405
64406
64406
64417
64424
64430
64432
64434
64446
64453
64469
64469
64470
64470
64470
64470
64475
64479
64479
64479
64486
64490
64495
64506
64506
64506
64511
64515
64529
64529
64529
64529
64530
64530
64533
64533
64538
64544
64548
64548
64555
64555
64562
64565
64573
64573
64573
64573
64574
64574
64575
64585
64585
64593
64594
64594
64597
64600
64606
64612
64633
64634
64634
64634
64634
64634
64635
64635
64635
64635
64635
64637
64642
64646
64652
64658
64658
64663
64665
64766
64766
64766
64767
64767
64767
64767
64768
64768
64768
64769
64769
64769
64769
64770
64770
64770
64770
64771
64771
64771
64771
64772
64772
64772
64773
64780
64780
64781
64782
64784
64788
64796
64799
64805
64808
64820
64820
64821
64821
64821
64821
64826
64826
64834
64843
64848
64848
64848
64849
64852
64856
64866
64868
64874
64874
64874
64874
64875
64878
64884
64893
64894
64894
64894
64899
64902
64908
64914
64919
64920
64930
64930
64931
64933
64937
64943
64943
64944
64955
64957
64959
64962
64966
64971
64971
64971
64972
64982
64984
64994
65003
65004
65004
65004
65005
65005
65005
65007
65009
65014
65016
65024
65024
65024
65026
65065
65066
65066
65066
65067
65067
65067
65068
65068
65086
65092
65093
65093
65093
65097
65107
65107
65107
65113
65118
65126
65135
65136
65136
65136
65136
65138
65142
65147
65147
65148
65158
65158
65159
65165
65169
65176
65176
65176
65177
65179
65180
65188
65188
65188
65287
65288
65288
65288
65289
65289
65289
65290
65290
65290
65291
65291
65291
65292
65292
65292
65293
65293
65293
65294
65294
65294
65295
65295
65295
65324
65324
65325
65326
65327
65327
65327
65327
65327
65328
65329
65335
65336
65336
65337
65339
65347
65349
65359
65359
65359
65359
65363
65364
65370
65382
65386
65386
65386
65386
65387
65387
65388
65392
65393
65400
65400
65400
65406
65417
65423
65423
65423
65423
65423
65427
65430
65432
65449
65453
65459
65462
65462
65466
65466
65466
65480
65480
65480
65487
65488
65495
65495
65496
65496
65499
65502
65515
65518
65529
65530
65530
65530
65530
65530
65531
65538
65538
65538
65540
65540
65548
65548
65554
65559
65560
65560
65563
65566
65569
65582
65585
65585
65586
65586
65586
65586
65589
65594
65601
65601
65601
65606
65625
65629
65645
65645
65645
65645
65646
65649
65649
65653
65667
65668
65669
65669
65669
65670
65681
65685
65690
65690
65702
65702
65702
65703
65703
65703
65704
65712
65712
65712
65713
65718
65811
65812
65812
65812
65813
65813
65813
65814
65814
65814
65814
65815
65815
65815
65816
65816
65816
65817
65817
65817
65818
65818
65818
65818
65819
65819
65819
65820
65820
65820
65821
65823
65832
65832
65836
65836
65842
65849
65858
65866
65874
65875
65875
65875
65876
65876
65876
65877
65880
65886
65892
65892
65902
65915
65915
65916
65916
65918
65937
65937
65937
65938
65938
65938
65938
65939
65944
65948
65949
65952
65969
65970
65970
65970
65973
65981
65981
65981
65988
65989
65999
66001
66011
66011
66022
66035
66050
66051
66051
66051
66066
66067
66079
66079
66080
66080
66096
66105
66110
66120
66132
66132
66132
66132
66132
66135
66140
66142
66145
66156
66160
66162
66163
66163
66163
66168
66171
66181
66184
66192
66198
