0   44   0   5   9   9   9   9   9   9   9   9   9   11   11   11   11   19   19   19   19   19   19   19   19   19   19   19   19   19   19   19   19   19   19   19   19   19   19   19   19   19   19   19   19   19   19   23   27   29   29   29   29   29   29   29   29   29   29   29   29   29   29   29   29   29   29   29   32   34   34   34   34   34   34   34   34
125   20   0   0   0   0   0   6   6   6   6   6   6   6   6   6   6   6   6   6   6   6   6   6   6   6   9   9   13   13   13   13   13   13   13   13   13   13   13   13   13   13   13   13   13   13   13   13   13   13   13   13   13   13   13   13   13   13   13   13   13   13   13   13   13   13   13   13   13   13   13   13   13   13   17   17   17
184   9   0   0   0   0   0   0   0   3   3   3   3   3   3   3   3   3   3   3   3   3   3   3   3   3   3   3   3   10   22   22   22   22   22   22   22   22   22   22   22   22   22   22   22   22   22   22   22   22   22   22   22   25   27   30   30   30   30   30   30   30   30   30   30   30   30   30   30   30   30   30   30   30   30   30   30
238   10   0   8   8   13   13   13   13   13   13   13   13   13   13   13   13   13   13   13   14   14   14   14   14   14   14   14   14   14   14   14   14   15   15   15   15   15   15   15   15   15   15   15   15   15   15   15   15   16   16   16   21   21   21   21   21   21   21   21   21   21   21   21   21   21   21   21   21   21   21   21   21   21   21   21   21
291   13   0   4   7   7   7   7   7   7   7   7   7   7   7   7   7   7   7   7   7   7   7   7   7   7   7   7   7   7   8   8   8   8   8   8   8   8   8   8   8   8   8   8   8   8   8   8   8   8   8   8   8   8   8   8   8   8   8   8   8   10   10   10   10   10   10   10   10   10   10   10   10   10   10   10   10
341   8   0   0   0   0   0   0   0   0   0   0   0   0   0   0   0   0   0   0   0   0   2   2   2   2   2   2   2   2   2   2   2   2   2   2   2   2   2   2   6   6   6   6   6   6   6   6   6   6   6   6   6   6   6   6   6   6   6   6   6   6   6   6   6   6   6   6   6   6   6   6   6   6   6   6   6
393   5   0   0   0   0   9   9   9   9   9   9   9   9   9   9   9   9
466   24   0   0   0   0   0   0   0   0   0   0   0   0   0   0   0   0   0   0   0   9   9   9   9   9   9   9   9   9   9   9   9   9   9   9   9   9   9   9   9   9   9   9   9   9   9   9   9   9   9   9   9   9   9   9   9   9   9   9   9   9   9   9   9   9   9   9   9   9   9   9   9   9   9   9   9
527   7   0   0   0   0   0   0   0   0   0   0   0   0   0   0   0   5   5   5   5   5   5   5   5   5   5   5   5   5   5   5   5   5   5   5   5   5   5   5   5   5   5   5   5   5   5   5   6   6   6   6   7   7   7   7   7   7   7   7   8   8   8   8   8   8   8   8   8   8   8   8   8   8   8   8   8
577   5   0   0   0   0   28   28   28   28   28   28   28   28   28   28   28   28   28   28   28   28   28   28   28   28   28   28   28   28   28   28   28   28   28   28   28   28   28   28   28   28   28   28   28   28   28   28   28   28   28   28   28   28   28   28   28   28   28   28   28   28   28   28   28   28   28   28   28   28   28   28   28   28   28   28   28
628   5   0   0   0   5   5   5   12   12   12   12   12   12   12   12   12   12   12   12   12   12   12   12   12   12   12   12   12   12   12   12   12   12   12   12   12   12   12   12   12   12   12   12   12   12   12   18   18   18   18   18   18   18   18   18   18   18   18   18   18   18   18   18   18   18   18   18   18   18   18   18   18   18   18   18   18
679   36   0   11   11   11   11   11   11   11   11   11   11   11   11   11   11   11   11   11   11   11   11   11   11   11   11   11   11   11   11   24   24   24   24   24   24   24   26   29   33   33   33   33   33   33   33   33   33   33   33   33   33   33   33   33   33   33   33   33   33   33   33   33   33   33   35   43   43   43   43   43   43   43   43   43   43
799   113   0   0   0   0   0   2   2   2   2   2   2   2   3   3   3   3   3   3   3   3   3   3   3   5   5   5   5   5   5   5   5   5   5   5   5   5   5   6   6   6   6   6   6   6   6   6   6   6   6   6   6   6   6   6   7   7   7   7   7   7   7   7   7   7   7   7   7   7   7   11   11   11   11   11   11
1040   13   0   0   0   0   0   0   0   0   0   0   0   0   0   0   0   5   5   5   5   5   5   5   5   5   5   5   5   5   5   5   5   5   5   5   5   5   5   5   5   5   5   5   5   15   15   15   15   15   15   15   20   20   20   20   20   20   20   20   20   20   20   20   20   20   20   20   20   20   20   20   20   20   20   20   20
1094   14   0   3   3   3   3   3   3   3   3   7   7   7   7   7   7   7   7   7   7   12   12   13   13   13   13   13   13   13   13   13   13   13   13   13   13   13   13   13   13   13   13   13   13   13   13   13   13   13   13   13   13   13   13   13   13   21   21   21   21   21   21   21   21   21   21   21   21   21   21   21   21   21   21   21   21
1146   12   0   12   13   13   13   13   13   13   13   13   13   13   13   13   13   13   13   13   13   13   13   13   13   13   13   13   13   13   13   13   13   13   13   13   13   13   13   13   13   13   13   13   13   13   13   13   13   13   13   13   25   25   25   25   25   25   25   25   25   25   25   25   25   25   25   25   25   25   25   25   25   25   25   25   25
1201   12   0   0   0   0   0   0   0   0   0   0   0   0   0   2   5   5   5   5   5   5   5   5   5   5   5   5   5   5   5   5   5   5   5   5   5   5   5   5   5   5   5   9   9   9   9   9   9   9   9   9   9   9   9   9   9   9   9   9   9   9   9   9   9   9   9   9   9   9   9   9   9   9   9   9   9
1252   4   0   3   4   4   4   4   4   4   4   9   9   9   9   9   9   9   9   9   9   9   9   12   12   12   12   12   12   12   12   12   12   12   12   12   12   12   12   12   12   12   12   12   12   12   12   12   12   12   19   19   19   19   21   21   21   21   21   21   21   21   21   21   21   21   21   21   21   21   21   21   21   21   24   27   27
1302   4   0   0   0   1   1   1   1   1   1   5   5   10   10   10   10   10   10   10   10   10   10   11   11   18   18   18   18   18   18   18   18   18   18   18   18   18   18   18   18   18   18   18   18   18   18   18   18   18   18   18   18   18   19   19   19   19   19   19   19   19   19   19   19   19   19   19   19   19   19   19   19   19   19   19   19
1352   4   0   0   0   0   0   2   2   2   2   2   2   2   2   2   2   2   2   2   2   2   2   2   2   2   2   2   2   5   5   5   5   5   5   5   5   5   5   5   5   5   5   11   11   11   11   11   11   11   11   11   11   11   11   11   11   11   11   11   11   11   11   11   11   11   11   11   11   11   11   11   11   11   11   11   11
1402   10   0   0   0   0   0   0   0   0   0   0   0   0   0   0   0   0   0   0   0   0   0   0   0   0   0   0   3   3   3   3   3   3   3   3   3   3   3   3   3   3   3   3   3   3   3   3   3   3   3   3   3   3   3   3   18   18   18   18   18   18   18   18   18   18   18   18   18   18   18   18   18   18   18   18   18
1452   55   0   4   8   10   10   10   10   10   10   10   10   10   10   10   16   16   16   16   16   16   16   16   16   16   16   16   16   16   16   16   16   16   16   16   16   16   16   16   16   16   16   16   16   16   16   16   16   16   16   16   16   16   16   16   16   16   16   16   16   16   16   16   16   16   16   16   16   16   16   16   16   16   16   16   16
1580   14   0   2   2   2   2   2   2   2   2   2   2   2   2   2   2   2   2   2   2   2   2   2   2   2   2   2   2   2   2   2   2   2   2   2   2   2   2   2   2   2   2   2   2   2   2   2   2   4   7   7   7   7   7   7   7   7   7   7   7   7   7   7   7   7   7   7   7   7   7   7   7   7   7   7   7
1631   5   0   0   0   0   0   11   13   13   13   13   13   13   13   13   13   13   13   13   13   13   13   13   13   13   13   17   17   17   17   17   17   17   17   17   17   17   17   17   17   17   17   19   19   19   19   19   19   19   19   19   19   19   19   19   19   19   19   19   19   19   19   19   19   19   19   19   19   19   19   19   19   19   19   19   19
1681   5   0   0   0   6   6   6   6   6   6   6   6   6   6   6   6   7   7   7   7   7   7   7   7   7   7   7   7   7   7   7   18   18   18   18   18   18   18   18   18   18   18   18   18   18   18   18   18   18   18   18   18   18   18   18   18   18   18   18   18   18   18   18   18   18   18   18   18   18   18   18   18   18   18   18   18
1734   17   0   0   0   0   0   0   0   0   0   0   0   0   0   0   0   0   0   0   0   0   7   33   33   33   33   33   33   33   33   33   33   33   33   33   33   33   33   33   33   33   33   33   33   33   33   33   33   33   33   33   33   33   33   33   33   33   33   33   33   33   33   33   37   37   37   37   37   37   37   37   37   37   37   45   45
1818   4   0   1   1   1   1   1   1   1   1   1   1   1   1   3   3   9   12   12   12   12   12   12   12   12   12   12   12   12   12   12   12   12   12   12   12   12   12   12   12   12   12   12   12   12   12   16   18   18   18   18   18   18   18   18   18   18   18   18   18   18   18   18   18   18   18   18   18   18   18   18   18   18   18   18   18
1876   5   0   0   0   2   2   2   2   2   2   2   2   2   2   2   2   2   2   4   4   4   4   4   4   4   4   4   4   4   8   8   8   8   8   8   8   8   8   8   8   8   8   8   8   8   8   8   8   8   12   12   12   12   12   12   12   12   12   12   12   12   12   12   12   12   12   12   12   12   12   12   12   12   12   12   12
1941   4   0   0   0   1   1   1   1   1   2   2   2   2   2   2   4   4   4   4   4   5   5   7   8   8   8   9   9   9   9   9   9   9   9   9   9   9   9   9   9   9   9   9   9   9   9   9   9   11   11   11   11   11   11   11   11   11   11   11   11   11   11   11   11   11   11   11   11
2012   30   0   0   0   0   17   20   25   25   25   25   25   25   25   25   25   27   27   27   27   27   27   27   27   27   27   27   27   27   27   27   27   27   27   27   27   27   27   27   27   27   27   27   27   27   27   27   27   27   27   27   27   27   27   27   27   27   27   43   43   43   43   43   43   43   43   43   43   43   43   43   43   43   43   43   43
2120   5   0   0   0   0   0   0   1   1   1   1   1   1   1   1   2   4   4   4   4   4   4   4   7   7   8   8   8   8   8   8   8   8   8   8   8   10   10   10   10   10   10   10   10   10   10   10   10   10   10   10   11   12   12   12   12   12   12   12   12   12   12   12   12   12   12   14   14   14   14   14   14   14   14   14   14
2171   26   0   0   0   0   0   18   18   18   18   18   18   18   18   18   18   18   18   18   18   18   18   18   18   18   18   18   18   18   18   18   18   18   18   18   18   18   18   18   18   18   47   47   47   47   47   47   47   47   47   47   47   47   47   47   47   47   47   47   47   47   47   47   47   47   47   47   47   49   49   49   49   49   49   49   49
2282   23   0   0   0   0   0   0   0   0   0   0   0   0   0   0   0   0   0   0   0   0   0   0   0   0   0   0   0   0   0   0   0   0   0   0   0   0   0   0   0   0   0   0   0   0   11   11   11   11   11   11   11   11   11   11   11   11   11   11   11   11   11   11   11   11   11   11   11   11   18   18   18   18   38   38   38
2380   44   0   27   30   30   30   30   30   30   30   30   30   30   30   30   30   34   34   34   34   34   34   34   34   34   34   34   34   34   34   34   34   34   34   34   34   34   34   34   34   34   34   34   34   34   34   34   34   34   34   34   34   34   34   34   34   34   34   34   34   34   34   34   34   34   34   34   34   34   34   34   34   34   34   34   34
2507   46   0   0   0   0   1   1   1   1   1   1   1   1   2   6   6   6   6   6   6   16   16   16   16   16   16   16   16   16   16   16   16   16   16   16   16   16   16   16   16   16   16   16   16   16   16   16   16   16   16   16   16   16   17   17   17   17   17   17   17   17   17   17   17   17   17   17   17   17   17   17   17   17   17   17   17
2616   18   0   6   6   6   6   6   6   6   6   6   6   6   6   6   6   6   6   6   6   6   6   6   6   6   6   6   6   6   6   6   6   6   6   6   6   6   6   6   6   6   6   6   6   6   6   6   6   6   6   6   6   6   6   6   6   6   6   6   6   6   6   6   6   6   6   6   6   6   6   6   6   6   9   9   9
2667   4   0   0   0   0   0   0   0   1   1   1   1   1   2   2   2   2   2   2   7   7   7   7   7   7   7   7   7   7   9   9   9   9   9   9   9   9   9   9   9   9   9   9   9   9   9   9   9   9   9   9   9   9   9   9   9   9   9   9   9   9   9   9   9   10   10   10   10   10   10   10   10   10   10   10   10
2743   15   0   0   0   0   0   0   0   0   0   0   0   0   0   0   0   0   0   0   0   0   0   0   0   0   0   0   0   0   10   10   10   10   10   10   10   10   20   23   23   23   23   23   23   23   23   23   23   23   23   23   23   23   23   23   23   23   23   23   23   23   23   23   23   23   23   23   23   23   23   23   23   23   23   23   23
2802   18   0   0   0   0   0   0   0   7   7   7   7   7   7   7   7   7   7   7   7   7   7   7   7   7   7   7   7   7   7   7   7   7   7   7   7   7   7   7   7   7   7   7   7   7   7   11   11   11   11   11   11   11   11   11   11   11   11   11   11   11   11   11   11   11   11   11   11   11   11   11   11   11   11   11   11
2857   5   0   0   1   1   1   2   2   2   4   6   7   8   10   13   13   13   15   16   17   17   17   17   17   17   17   17   17   17   17   17   17   17   17   17   17   17   17   17   17   17   17   17   17   17   17   17   17   17   17   17   17   17   17   17   17   17   17   17   17   17   17   17   17   17   17   17   17   17   17   17   17   17   17   17   17
2907   4   0   0   2   3   3   3   4   4   4   4   4   4   6   6   6   6   6   6   6   6   6   6   6   6   6   6   6   6   6   6   6   6   6   6   6   6   7   7   7   7   7   7   7   7   7   8   8   8   8   8   8   8   8   8   8   8   8   8   8   8   8   8   8   8   8   9   9   9   9   9   9   9   9   9   9
2958   6   0   3   3   3   3   3   3   3   3   3   3   3   3   16   17   17   17   17   17   17   17   17   17   17   17   17   17   17   17   17   17   17   17   17   17   17   17   17   17   17   17   17   17   17   17   17   17   17   17   17   17   17   17   17   17   17   17   17   17   17   18   19   19   19   19   19   19   19   19   19   19   19   19   19   19
3009   5   0   0   0   0   0   1   1   1   1   1   2   2   2   4   6   6   6   6   6   6   6   6   6   6   6   11   11   11   11   11   11   11   11   11
3083   32   0   0   0   1   1   1   1   1   1   1   1   1   1   1   1   1   1   1   1   1   1   1   1   1   1   1   1   1   1   1   1   1   1   1   1   1   1   1   1   1   1   1   1   1   1   1   1   1   2   2   2   2   2   2   2   2   2   2   2   2   2   2   2   2   2   2   2   2   2   2   2   2   2   2   2
3150   5   0   0   0   0   1   1   1   1   1   1   1   1   1   1   1   3   3   3   3   3   3   3   3   4   4   4   4   4   4   5   5   5   5   5   5   5   5   5   5   5   5   5   5   5   5   7   7   7   7   7   7   7   7   7   7   7   7   7   7   7   7   7   7   7   7   7   7   7   7   7   7   7   7   7   7
3225   4   0   0   0   0   0   0   0   1   4   6   6   6   6   6   6   6   6   6   7   7   8   8   8   8   8   8   8   8   8   8   8   8   8   8   8   8   8   8   11   11   11   11   11   11   11   11   11   11   11   11   11   11   11   11   11   11   11   11   12   12   12   12   12   12   12   12   12   12   12   12   12   12   12   12   12
3315   5   0   0   0   0   0   0   2   2   2   2   4   4   4   4   4   4   4   6   6   6   6   8   8   8   10   10   11   11   11   11   11   11   11   11   11   11   11   11   11   11   11   11   11   11   11   11   11   11   11   11   11   11   11   11   11   11   11   11   11   11   12   12   13   13   13   13   13   13   13   13   14   14   14   14   14
3430   7   0   0   2   2   2   2   2   2   2   6   9   9   9   9   9   9   9   9   9   9   9   9   9   9   9   9   9   9   9   9   9   9   9   9   14   14   14   16   16   16   16   16   16   16   16   16   16   16   16   16   16   16   16   16   16   16   16   16   16   16   16   16   16   16   16   16   16   16   16   16   16   16   16   16   16
3483   9   0   4   10   10   14   17   18   21   21   21   21   21   21   21   21   21   21   21   21   21   21   21   21   21   21   21   21   21   21   21   21   21   21   21   21   21   21   21   21   21   21   21   21   21   21   21   21   21   21   21   21   21   21   26   26   26   26   26   26   26   26   26   26   26   26   26   26   26   26   26   26   26   26   26   26
3533   4   0   0   0   0   0   0   2   2   2   2   2   2   2   2   2   2   8   8   8   8   8   8   8   8   8   8   8   8   8   8   21   21   21   21   21   21   21   21   21   21   21   21   21   21   25   25   25   25   25   25   25   25   25   25   25   25   25   25   25   25   25   25   25   25   31   37   37   37   37   37   37   96   96   96   96
3640   7   0   0   0   0   3   3   3   3   3   3   5   5   5   5   5   6   7   7   8   8   8   8   8   8   8   8   27   27   27   27   27   27   27   27   27   27   27   27   27   27   27   27   27   27   27   27   27   27   27   27   27   27   27   27   27   27   27   27   27   27   27   27   27   27   27   27   27   27   27   27   27   27   27   27   27
3694   10   0   0   0   0   0   0   0   0   0   0   0   0   0   0   0   0   0   0   0   0   0   0   0   0   0   0   0   0   0   0   0   0   0   0   0   0   0   0   0   5   14   14   14   14   14   14   14   14   14   14   14   14   14   14   14   14   14   14   14   14   14   14   14   14   14   14   14   14   14   14   14   14   14   14   14
3745   8   0   0   0   0   4   6   9   9   9   9   9   9   9   9   12   12   12   12   12   12   12   12   12   12   12   12   12   12   12   12   12   12   12   12   12   12   12   12   12   12   12   12   12   12   12   12   12   12   12   12   12   12   12   12   12   12   12   12   12   12   12   12   12   12   12   12   12   12   12   12   12   12   12   12   12
3810   10   0   0   0   0   0   0   0   18   18   18   18   18   18   18   18   18   18   18   18   18   18   18   18   18   18   18   18   18   18   18   18   18   18   18   18   18   18   18   18   18   18   18   18   18   18   18   18   18   18   18   18   62   62   62   62   62   62   62   62   62   62   62   62   62   62   62   62   62   62   62   62   62   62   62   62
3898   48   0   0   0   22   22   22   22   22   22   22   22   22   22   22   22   22   22   22   22   22   22   22   22   22   22   22   22   22   22   22   22   22   22   22   22   22   22   22   22   36   36   36   36   36   36   36   36   36   36   36   36   36   36   36   36   36   36   36   36   36   36   36   36   36   36   36   36   36   36   36   36   36   36   36   36
4042   83   0   0   0   0   0   0   0   0   0   0   0   0   0   0   0   0   0   0   0   0   0   0   0   0   0   0   0   0   0   0   0   0   0   0   0   0   0   0   0   8   8   8   8   8   8   8   8   8   8   8   8   8   8   8   8   8   8   8   8   8   8   8   8   23   23   23   23   23   33   40   40   40   40   40   40
4258   49   0   0   0   0   12   12   12   12   12   12   12   12   12   12   12   12   12   12   12   12   12   12   12   12   12   12   12   12   34   34   34   34   34   34   34   34   34   34   34   34   34   34   34   34   34   34   34   34   34   34   34   34   43   46   46   46   46   46   46   46   46   46   46   46   46   46   46   46   46   46   46   46   57   57   57
4417   33   0   1   1   1   1   1   4   6   6   6   6   7   7   7   7   7   7   7   8   8   8   8   8   8   8   8   8   8   8   8   8   10   10   10   10   10   10   10   10   10   10   10   10   10   10   10   10   10   10   10   11   11   11   11   11   11   11   11   11   11   11   11   11   11   11   11   11   11   11   11   11   11   11   11   11
4496   6   0   0   0   0   0   0   0   0   0   0   0   0   0   0   0   0   0   0   0   0   0   0   0   0   0   0   6   12   12   12   12   12   12   12   12   12   12   12   12   12   12   12   12   12   12   12   12   14   14   19   19   19   19   19   19   19   19   19   19   19   19   19   19   19   19   19   19   19   19   19   19   19   19   19   19
4557   10   0   12   13   13   13   13   13   13   13   13   13   13   13   13   13   13   13   13   13   13   13   13   13   13   13   13   13   13   13   13   13   13   13   13   13   13   13   13   13   13   13   13   13   13   13   13   13   13   13   23   23   23   23   23   23   23   23   23   23   23   23   23   23   23   23   32   37   49   49   49   49   49   49   49   49
4639   41   0   9   9   9   9   9   9   9   9   9   9   9   9   9   9   9   9   9   9   9   9   9   9   9   9   9   9   9   9   9   9   9   9   9   9   9   9   9   9   9   9   9   9   9   9   20   20   20   20   20   20   20   20   20   20   20   20   20   20   20   20   20   20   20   20   20   20   20   20   20   20   20   20   20   20
4750   33   0   12   12   12   18   22   22   22   22   22   22   22   22   22   22   22   22   22   22   22   22   22   22   22   22   22   22   22   22   22   22   22   22   22   22   22   22   22   22   22   22   22   22   22   22   22   22   22   22   22   22   22   22   22   22   22   22   22   22   23   23   23   23   23   23   23   23   23   23   23   23   23   23   23   23
4841   8   0   0   0   0   0   0   0   0   0   0   0   0   0   0   0   0   0   0   0   0   0   0   0   0   0   9   9   9   9   9   9   9   9   9   9   9   9   9   9   9   9   9   9   9   9   9   9   9   9   9   9   9   9   9   11   13   13   13   13   13   13   13   13   13   13   13   13   13   13   13   13   13   13   13   13
4892   5   0   0   0   0   0   4   4   4   4   4   4   4   4   7   10   10   10   10   10   10   10   10   10   10   10   10   10   10   10   10   10   10   10   10   10   10   10   13   13   13   13   13   13   13   13   13   13   13   13   13   13   13   13   13   13   15   15   15   15   15   15   23   23   23   26   26   26   26   28   33   33   33   33   33   33
4945   4   0   4   5   6   6   6   7   7   7   7   7   7   8   8   8   8   8   8   8   8   8   8   8   8   8   9   9   9   9   9   9   9   9   9   9   10   10   10   10   10   10   10   10   10   10   11   11   11   11   11   11   11   11   11   11   11   13   13   13   13   13   13   13   14   14   14   14   14   14   14   14   14   14   14   14
4995   5   0   0   0   0   0   0   0   0   0   0   1   1   1   1   1   1   2   2   2   3   3   4   4   4   4   4   4   4   13   13   13   13   13   13   13   13   13   13   13   13   13   13   13   13   13   13   13   13   22   22   22   22   22   22   22   22   22   22   22   22   22   22   22   22   39   39   39   39   39   39   39   39   39   39   39
5051   4   0   0   0   0   0   0   0   0   0   0   0   1   1   12   13   13   13   13   13   13   13   13   13   13   17   17   17   17   17   17   17   17   17   17   17   17   17   17   17   17   17   17   17   17   17   17   17   17   17   17   17   17   17   17   17   17   17   17   17   17   17   17   17   17   17   17   17   17   17   17   17   17   17   17   17
5111   4   0   2   2   2   2   3   98   103   105   108   108   108   108   108   108   108   108   108   108   108   108   108   108   108   108   108   108   108   108   108   108   108   108   108   108   108   108   108   108   108   108   108   108   108   108   108   108   109   109   109   109   109   109   109   109   109   109   109   109   109   109   109   109   109   109   109   109   109   109   109   109   109   109   109   109
5230   3   0   1   2   2   5   5   5   7   8   8   8   8   8   8   8   8   8   9   9   9   9   9   9   9   9   9   9   9   9   9   9   9   11   11   11   11   11   11   11   11   11   11   11   11   11   11   11   11   11   11   11   11   26   26   26   26   26   26   26   26   26   26   26   26   26   26   26   26   26   26   27   27   27   27   27
5332   5   0   0   4   5   5   5   7   7   7   7   7   7   7   7   7   10   10   10   10   10   10   10   10   15   15   15   15   15   15   15   15   15   15   15   15   15   15   15   15   15   15   15   15   15   15   15   15   15   15   15   15   15   15   15   15   15   15   15   15   15   15   15   15   15   15   15   15   15   15   15   15   15   15   15   15
5387   3   0   2   2   2   2   2   2   4   4   4   4   4   5   5   5   5   6   6   6   6   6   6   8   8   8   8   8   9   9   9   9   11   11   11   11   11   11   11   11   11   11   11   11   11   11   11   11   11   11   11   11   11   11   12   12   12   12   12   12   12   12   13   13   13   13   13   13   13   13   13   13   13   13   13   13
5438   3   0   0   0   0   0   2   2   2   2   2   2   7   7   7   7   7   7   7   7   7   7   7   8   8   8   8   8   8   8   8   8   8   8   8   8   8   10   12   13   13   13   13   13   13   13   13   13   13   13   13   13   13   13   13   13   13   13   14   14   14   14   14   14   14   14   14   14   14   14   14   17   17   18   18   18
5490   7   0   0   0   5   6   6   6   6   6   7   7   7   7   7   7   7   7   7   25   25   25   25   25   25   25   25   25   25   25   25   25   25   25   25   25   25   25   25   25   25   25   25   25   25   25   25   25   25   25   25   25   25   25   25   25   25   25   25   25   25   25   25   25   25   25   25   25   25   25   25   25   25   25   25   25
5541   11   0   0   0   0   0   0   0   0   0   0   0   0   5   5   5   5   5   5   5   5   5   5   5   5   5   6   6   6   6   10   10   10   10   10   10   10   10   10   10   10   10   10   10   10   10   10   10   10   10   10   10   10   10   11   12   12   12   12   12   12   12   12   12   12   12   12   12   12   12   12   12   12   12   12   12
5593   3   0   2   5   5   5   5   5   5   5   5   5   5   5   5   5   5   5   5   5   5   5   5   5   5   5   5   7   7   7   7   7   7   7   7   7   7   7   7   7   8   8   8   8   8   8   8   8   8   8   8   8   8   8   8   8   8   8   8   8   8   8   8   8   8   10   10   10   10   10   10   10   10   10   10   10
5659   42   0   0   0   0   0   0   1   1   1   2   2   2   2   2   3   3   4   4   4   4   4   4   4   6   8   8   8   8   8   8   8   8   8   9   9   10   11   11   11   11   11   11   11   11   11   11   11   11   11   11   11   11   11   11   11   11   11   11   11   11   11   11   12   12   12   12   12   12   12   12   12   12   12   12   12
5756   2   0   0   0   0   0   0   3   3   3   3   3   3   3   3   3   3   3   4   4   4   4   6   6   6   6   6   6   6   6   6   6   6   6   6   7   7   7   7   7   7   7   7   7   7   7   7   7   7   7   8   8   8   8   8   8   8   8   8   8   8   8   8   8   8   8   8   9   9   9   9   9   9   9   9   9
5812   5   0   0   0   1   1   1   1   1   1   1   1   1   1   2   2   2   3   3   4   4   4   4   4   4   4   4   4   4   4   6   6   8   8   8   8   8   8   8   8   8   8   8   8   8   8   8   8   8   8   8   8   8   8   8   8   8   8   9   9   9   9   9   9   9   9   9   9   9   9   9   9   9   9   9   9
5942   12   0   0   0   0   0   0   0   0   0   4   4   4   4   4   4   4   4   4   4   4   4   7   14   14   14   14   14   14   14   14   14   14   14   14   14   14   14   14   14   14   14   26   26   26   26   26   26   26   26   26   26   26   26   26   26   26   26   26   26   26   26   26   26   26   26   26   26   26   26   26   26   26   26   26   26
5998   15   0   0   0   0   0   0   0   0   0   0   2   2   3   3   3   3   3   3   3   4   4   4   4   4   4   4   4   5   5   5   5   5   5   5   5   5   5   7   7   7   7   7   7   7   7   7   7   7   7   7   7   7   7   7   7   7   7   7   7   7   7   7   7   7   7   9   9   9   9   9   9   9   9   9   9
6050   4   0   0   0   0   0   0   0   0   0   0   3   3   3   3   3   3   3   3   3   6   7   7   7   7   7   7   7   7   7   7   7   7   7   7   7   7   7   7   7   7   7   7   7   7   7   7   8   8   8   8   8   8   8   8   8   8   8   8   8   9   9   9   10   10   10   10   10   10   10   10   10   10   10   10   11
6101   2   0   2   2   3   3   3   3   3   3   4   4   4   4   6   7   7   7   7   8   8   8   9   9   9   11   11   11   11   11   11   11   11   11   11   11   11   11   11   11   11   11   11   12   12   12   12   12   12   12   12   12   12   12   12   12   12   12   12   12   12   12   12   12   12   12   12   12   12   12   12   12   12   13   13   13
6308   7   0   0   0   0   0   0   0   0   0   0   0   0   9   9   9   9   9   9   9   9   9   9   9   9   9   9   9   20   20   20   20   20   20   20   20   20   20   20   20   20   20   20   20   20   20   20   20   20   25   28   28   28   28   28   28   28   28   28   28   28   28   28   28   28   28   28   28   28   28   28   28   28   28   28   28
6359   18   0   0   0   28   29   29   29   29   29   29   29   29   29   29   29   29   29   29   29   29   29   29   29   29   29   29   29   29   29   29   29   29   29   29   29   29   29   29   29   29   29   29   29   29   29   29   29   29   29   29   29   29   29   29   29   29   37   46   46   46   46   46   46   46   46   46   46   46   46   46   46   46   46   46   46
6455   25   0   6   6   6   6   6   6   6   6   6   6   6   6   6   6   6   6   6   6   6   6   6   6   6   6   6   6   11   11   11   11   11   11   11   11   11   11   11   11   11   11   11   11   11   11   11   11   11   11   11   11   11   11   11   14   14   14   16   16   16   16   16   16   16   16   16   16   16   16   16   16   16   16   16   16
6523   9   0   2   2   2   2   2   2   2   2   2   2   2   2   2   2   2   2   2   2   2   2   8   11   11   11   11   11   11   11   11   11   11   11   11   11   11   11   11   11   11   11   11   11   11   11   11   11   11   11   11   11   11   11   11   11   11   11   11   11   11   11   11   11   11   11   13   13   13   13   13   13   13   13   13   13
6574   5   0   2   4   4   4   4   4   4   4   4   4   4   5   5   5   5   5   5   7   7   7   7   7   7   7   7   7   7   7   7   7   7   8   8   8   8   8   8   8   8   8   8   8   8   9   9   12   12   12   12   12   12   12   12   12   12   12   12   12   12   12   12   12   12   12   12   12   12   12   12   12   12   12   12   12
6626   7   0   0   0   4   4   4   4   4   4   4   9   9   9   9   9   9   9   9   9   9   9   9   9   19   19   19   19   20   20   20   20   20   20   20   20   20   20   20   20   20   20   20   20   20   20   20   20   20   20   20   20   20   20   20   20   20   20   20   20   20   20   20   20   20   20   20   20   20   20   20   20   20   20   20   20
6687   6   0   1   1   1
6759   19   0   0   0   0   0   1   1   1   1   1   2   2   2   2   2   3   3   3   3   4   4   4   4   4   4   8   8   8   8   8   8   8   8   8   8   8   8   8   8   8   8   8   8   8   8   8   8   8   8   8   14   14   14   14   14   14   14   14   14   14   14   14   14   14   14   14   14   14   14   14   14   14   15   15   15
6813   3   0   0   1   1   1   2   2   2   3   3   3   3   5   5   5   5   5   5   5   5   5   6   6   6   6   6   6   6   6   6   6   6   6   6   6   6   7   7   7   7   7   7   7   7   7   7   8   8   8   8   8   8   8   8   8   8   8   8   9   9   9   9   9   9   9   9   9   9   9   9   9   10   10   10   10
6997   7   0   0   0   0   0   0   0   1   1   3   3   5   5   5   5   5   5   6   6   6   6   6   7   7   9   9   9   9   9   10   10   10   10   10   10   10   10   10   10   10   10   10   10   10   10   10   10   12   12   12   12   15   15   15   16   17   17   17   17   17   17   17   17   17   17   17   17   17   17   17   17   17   17   17   17
7049   4   0   1   1   1   1   1   1   1   1   1   1   3   3   3   8   8   8   8   10   10   10   10   10   10   10   10   10   10   10   10   10   10   11   12   12   12   12   12   12   12   12   12   12   12   12   12   12   12   12   12   12   12   12   12   12   12   12   12   12   12   12   12   12   12   14   14   14   14   14   14   14   14   14   14   14
7106   5   0   0   0   0   0   0   0   0   1   1   1   1   1   1   1   1   1   2   2   4   4   4   5   5   5   5   5   5   5   5   5   5   6   6   6   6   6   6   6   6   6   6   6   7   7   7   7   7   7   7   7   7   7   7   7   7   7   7   7   9   9   9   9   9   9   9   9   9   9   9   9   9   9   9   9
7161   3   0   0   0   1   1   5   5   5   5   5   5   7   7   9   9   9   9   9   9   9   9   9   10   11   11   11   11   11   13   13   13   13   13   13   13   13   13   13   13   13   13   13   13   13   13   13   13   13   13   13   13   15   15   15   15   15   15   15   16   16   16   16   16   16   16   16   16   16   16   16   16   16   16   17   17
7217   50   0   0   0   0   0   0   0   0   0   0   0   0   0   0   0   0   0   0   0   0   0   0   0   0   0   0   0   0   0   0   0   0   0   0   0   0   0   0   0   0   0   0   0   0   0   0   0   0   0   0   0   0   0   0   0   0   0   0   0   0   0   0   0   0   0   0   0   0   0   0   0   0   0   0   0
7319   3   0   4   6   6   6   6   6   6   7   7   7   7   7   7   7   7   7   7   7   7   7   7   7   7   7   7   7   7   7   7   13   13   13   13   13   13   13   13   13   13   13   13   13   13   13   13   13   13   13   13   13   13   13   16   16   16   16   16   16   16   16   16   16   16   16   16   16   16   16   16   16   16   16   16   16
7469   14   0   0   0   0   0   0   0   0   0   0   0   0   0   0   0   0   0   0   0   0   0   0   0   0   0   0   0   0   0   0   0   0   0   0   0   0   0   0   0   0   0   0   0   0   0   0   0   0   0   0   0   0   0   0   0   0   0   0   5   8   8   8   8   8   8   8   8   8   8   8   8   8   8   8   8
7522   5   0   6   6   6   6   6   6   6   6   6   6   6   6   6   6   6   6   6   6   6   6   6   6   6   6   6   6   6   6   6   6   6   6   6   6   6   6   6   6   10   10   10   10   10   10   10   10   10   10   10   10   10   10   10   10   10   10   10   10   10   10   10   10   10   10   10   10   10   10   10   10   10   10   10   10
7573   5   0   0   0   0   1   1   2   2   2   5   8   8   8   8   8   8   8   8   8   8   8   8   8   8   8   8   8   8   8   8   8   8   8   9   9   9   9   9   9   9   9   9   9   9   9   9   9   9   9   10   10   10   10   10   10   10   10   12   12   12   12   12   12   12   12   12   12   12   12   12   12   12   12   12   12
7623   5   0   0   0   0   0   0   2   2   2   4   5   5   5   5   5   7   7   7   7   7   7   7   7   7   7   7   7   7   7   7   7   7   7   7   7   7   7   7   7   8   8   8   9   9   9   9   9   9   9   9   9   9   9   9   9   9   9   9   9   9   9   9   10   10   10   10   10   10   10   10   10   10   10   10   11
7728   7   0   0   0   0   0   0   0   2   2   2   2   2   2   2   2   2   2   2   2   2   2   2   2   2   2   2   2   2   2   2   2   2   2   2   2   2   2   2   2   2   2   2
7823   11   0   0   0   0   0   1   1   1   2   2   2   3   3   3   4   4   6   6   7   7   7   7   7   7   8   8   8   10   10   10   10   11   11   11   11   11   12   12   13   13   14   14   14   14   14   14   14   14   14   14   14   14   14   14   14   14   14   14   14   14   14   14   14   14   14   14   17   17   17   17   17   17   17   17   17
7873   5   0   0   0   0   1   1   1   1   1   1   1   1   1   1   1   1   1   4   4   4   4   4   7   8   8   8   8   8   8   8   8   8   8   10   10   10   10   10   10   10   10   10   10   10   10   10   10   11   11   11   11   11   11   11   11   11   11   11   11   12   12   13   13   13   13   13   13   13   13   13   13   14   14   14   14
7925   6   0   0   0   0   0   0   0   0   0   0   0   0   0   0   0   0   0   0   0   0   0   1   1   1   1   1   1   3   3   3   3   3   3   3   3   3   3   6   6   6   7   7   7   7   7   7   7   7   7   7   7   7   7   7   7   7   7   7   7   7   7   7   7   7   7   7   7   7   7   7   7   7   8   8   8
7976   3   0   0   0   0   0   1   1   6   6   6   6   6   8   8   8   8   11   11   19   19   19   19   19   19   19   19   19   19   19   19   19   19   19   19   19   19   19   19   19   19   19   19   19   19   19   19   19   19   19   19   19   19   19   19   19   19   19   19   19   19   19   19   19   19   19   19   19   19   19   19   19   19   19   19   19
8028   4   0   0   2   2   2   2   2   2   2   2   2   2   2   2   2   2   2   2   2   2   2   2   2   2   2   2   2   2   2   2   2   2   2   4   4   4   4   4   5   5   5   5   7   7   7   7   7   7   7   7   7   7   7   7   7   7   7   7   7   7   7   7   7   7   7   7   8   9   9   9   9   9   9   9   9
8087   5   0   3   4   4   4   4   4   4   4   4   4   4   4   4   4   4   4   4   4   4   4   4   4   4   4   4   4   4   4   5   5   5   5   11   15   15   15   15   15   15   15   15   15   15   15   15   15   15   15   15   15   15   15   15   15   15   15   15   15   15   15   15   15   15   15   15   15   15   15   15   15   15   15   15   15
8142   5   0   3   3   3   3   3   3   3   3   3   3   3   3   3   3   3   3   3   3   3   3   3   3   3   3   3   3   4   4   4   4   4   4   4   4   4   4   4   5   5   5   5   5   5   5   5   5   5   5   5   5   6   6   6   6   6   6   6   6   6   6   6   7   7   7   8   8   8   8   8   8   8   8   8   8
8197   3   0   0   3   4   4   4   5   5   5   6   6   6   6   6   6   6   6   7   7   7   7   7   7   7   7   7   7   7   7   7   9   10   10   10   10   10   10   10   10   10   10   12   12   12   12   12   12   12   12   12   12   12   12   12   12   12   12   12   12   12   12   12   12   12   12   12   12   12   12   12   12   12   12   12   12
8267   49   0   0   2   2   2   2   2   2   2   2   2   2   2   2   2   2   2   2   2   2   2   2   3   3   3   3   3   4   4   4   4   4   4   4   4   4   4   4   5   5   5   6   6   6   6   6   6   6   7   7   8   8   8   8   8   8   8   8   8   8   8   8   8   8   8   9   9   9   9   9   9   9   9   9   10
8378   3   0   0   0   1   1   1   1   2   2   2   2   2   3   3   3   3   4   4   4   4   4   4   4   4   4   4   4   4   4   4   4   5   5   5   5   5   5   5   5   6   6   6   6   6   8   8   8   8   8   8   8   8   8   8   8   8   8   9   9   9   9   9   9   9   9   9   9   9   9   9   9   9   9   9   9
8453   6   0   0   0   0   0   0   0   0   1   1   1   1   1   1   1   1   1   1   2   2   2   3   6   6   6   6   6   7   7   7   7   7   7   7   7   7   7   7   7   7   7   7   7   7   7   9   9   9   9   9   9   9   9   9   9   9   9   9   9   9   9   9   9   9   9   12   12   12   12   12   12   12   12   12   12
8571   7   0   0   0   0   0   0   0   0   0   0   0   0   0   0   5   5   5   5   5   5   5   5   5   5   5   5   5   5   5   5   5   5   5   5   5   5   5   5   5   5   5   5   10   11   11   11   11   11   11   11   11   11   11   11   11   11   11   11   11   11   11   11   11   11   11   11   11   11   11   11   11   11   11   11   11
8625   4   0   0   0   0   0   0   0   0   0   0   0   6   7   7   7   7   7   11   11   13   13   13   13   13   13   13   13   13   13   13   13   13   13   13   13   13   13   13   13   13   13   13   13   13   13   13   15   15   15   15   15   15   15   15   15   15   15   15   15   15   15   15   15   15   15   15   15   15   15   15   15   15   15   15   15
8706   5   0   1   1   1   1   1   1   1   2   2   5   5   5   5   5   5   5   5   5   5   5   5   5   7   9   10   10   10   10   10   10   10   10   10   10   10   10   10   10   10   10   14   16   16   16   16   16   16   16   16   16   16   16   16   16   16   16   16   16   16   16   16   16   16   16   16   16   16   16   16   16   16   16   16   16
8775   4   0   0   1   1   1   1   1   1   7   7   7   7   7   7   7   7   7   7   7   7   7   7   7   7   7   9   9   9   9   9   9   9   9   9   10   10   10   10   98   99   99   99   99   99   99   99   99   99   99   99   99   102   102   102   102   102   102   102   102   102   102   102   102   102   102   102   102   102   102   102   102   102   102   102   102
8890   10   0   0   0   10   10   10   10   10   10   10   10   10   10   10   10   16   22   22   22   22   22   22   22   22   22   22   22   22   22   22   22   22   22   22   22   22   22   22   22   22   22   22   22   22   22   22   22   22   22   22   22   22   22   22   22   22   22   22   22   22   22   22   22   22   22   22   22   22   22   22   22   22   22   22   22
8943   30   0   0   0   0   0   0   0   0   0   0   0   0   0   0   0   0   0   0   0   0   0   0   0   0   0   0   0   0   0   0   0   0   0   0   0   0   0   0   0   0   0   0   0   0   0   0   0   0   0   0   0   8   8   8   8   8   8   8   8   8   8   8   8   8   8   8   8   8   8   8   8   8   8   8   8
9019   5   0   0   0   1   1   1   1   1   1   1   2   2   2   5   5   5   5   5   5   5   6   6   6   6   6   6   6   6   6   6   6   6   6   6   6   6   6   6   8   8   8   8   8   8   8   8   8   8   10   10   10   10   10   10   10   10   10   10   10   10   10   10   10   10   10   10   10   10   11   11   11   11   11   11   11
9069   9   0   0   0   0   0   0   0   0   0   0   0   0   0   0   0   0   0   0   0   0   0   0   0   0   0   0   3   3   3   3   3   3   3   3   3   3   3   3   3   3   3   3   3   3   3   3   3   3   3   3   3   3   3   3   3   3   3   3   3   3   3   3   3   3   3   3   3   3   3   3   6   6   6   6   6
9120   4   0   0   4   4   4   4   4   4   4   4   4   4   4   4   4   4   4   4   4   4   4   4   4   14   14   14   14   14   14   14   14   14   14   14   14   14   14   14   14   14   14   14   14   16   16   16   16   16   16   16   16   16   24   24   24   24   24   24   24   24   24   24   24   24   24   24   24   24   24   24   24   24   24   24   24
9173   9   0   0   0   0   0   0   0   0   0   0   0   0   0   0   0   0   0   0   0   0   0   0   0   0   0   0   0   0   0   2   2   2   2   2   2   2   2   8   8   8   8   8   8   8   8   8   8   8   8   8   8   8   8   8   8   8   8   8   8   8   8   8   8   8   8   8   8   8   8   8   8   8   8   8   10
9224   9   0   0   0   0   0   2   2   2   2   2   2   2   2   2   2   4   4   4   4   4   5   6   6   6   8   8   8   8   8   8   8   8   8   8   8   9   9   9   9   9   9   9   9   9   9   9   9   9   9   9   9   9   9   9   9   14   14   14   14   14   14   14   14   14   14   14   14   14   14   14   14   14   14   14   14
9274   7   0   0   0   4   4   4   4   4   4   4   4   4   4   4   9   12   12   12   12   12   12   12   12   12   12   12   12   12   12   12   12   12   12   12   12   12   12   12   12   12   12   12   12   12   12   12   12   12   12   12   12   12   12   12   12   12   12   12   12   12   13   13   13   13   13   13   13   13   13   13   13   13   13   13   13
9325   45   0   0   2   5   5   5   5   5   5   5   5   5   5   5   5   5   5   5   5   5   5   5   5   5   5   5   5   5   5   5   5   5   5   5   5   6   6   6   6   6   6   6   6   6   6   6   6   6   6   6   6   6   6   6   6   6   6   6   6   6   6   6   6   6   6   6   6   7   7   7   7   7   7   7   7
9423   3   0   1   1   1   1   2   17   17   17   17   17   17   17   17   17   17   17   17   17   17   17   17   17   17   17   17   17   17   17   17   17   17   17   17   17   17   17   17   17   17   17   17   17   17   17   17   17   17   17   17   17   17   17   17   17   17   17   17   17   17   17   17   17   17   17   17   17   17   17   17   17   17   17   17   17
9539   6   0   0   0   0   0   0   0   0   0   0   0   0   0   0   0   0   0   0   4   4   4   4   4   4   4   4   4   4   4   4   4   4   4   4   4   4   4   4   4   4   4   4   4   4   4   4   4   5   5   5   6   6   6   6   6   6   8   8   8   8   8   8   8   8   8   8   8   8   8   8   8   8   8   8   8
9590   5   0   0   0   0   0   3   3   3   3   3   3   3   3   3   3   3   3   5   5   5   6   9   9   9   18   18   18   18   18   18   18   18   18   18   18   18   18   18   18   18   18   18   18   18   18   18   18   18   18   18   18   18   18   18   18   18   18   18   18   18   18   18   18   18   18   18   18   18   18   18   18   18   18   18   18
9663   3   0   0   0   0   5   5   7   7   7   7   7   7   7   7   7   7   7   7   7   7   7   7   7   14   16   16   16   16   16   16   16   16   16   16   16   16   16   16   16   16   16   16   16   16   16   16   18   18   18   18   18   18   18   18   18   18   18   18   18   18   18   18   18   18   18   18   18   18   18   18   18   18   18   18   18
9733   8   0   0   0   0   2   2   2   2   2   2   3   5   5   6   6   6   6   6   6   6   7   8   8   8   8   10   10   10   10   11   11   11   11   11   11   11   11   11   11   11   11   11   11   11   11   11   11   11   11   11   11   11   11   12   12   12   12   12   12   13   13   13   13   13   13   14   14   14   14   14   14   14   14   16   16
9786   4   0   0   0   2   4   5   5   5   5   5   5   6   6   6   6   6   6   7   7   7   7   7   9   9   9   9   9   9   9   9   9   9   9   9   9   9   9   9   9   10   10   12   12   12   12   12   12   12   12   12   12   12   12   12   12   12   12   12   12   12   12   12   12   12   12   12   12   12   12   12   12   12   12   12   12
9837   49   0   1   2   2   2   2   2   2   2   2   2   2   2   2   2   2   2   2   2   2   2   2   2   2   2   2   2   2   2   2   2   2   2   2   2   2   2   2   2   2   2   2   2   2   2   2   2   2   2   2   2   2   2   2   2   2   2   2   2   2   2   2   2   2   2   2   2   2   2   2   2   2   2   2   2
9939   3   0   0   0   0   0   0   0   0   0   2   2   2   2   2   2   2   2   2   2   2   4   4   4   4   4   5   5   5   5   5   5   5   5   5   5   5   5   5   5   5   5   5   5   5   5   5   5   5   5   5   5   5   5   5   5   5   8   8   10   10   10   10   10   10   10   10   11   11   11   11   11   11   11   11   11
10020   5   0   0   0   0   0   2   2   2   5   5   5   5   5   5   5   5   5   5   5   5   6   6   6   7   7   7   7   7   10   12   12   12   12   12   12   12   16   16   16   16   16   16   16   16   16   16   16   16   16   16   16   16   16   16   16   16   16   16   16   16   16   16   16   16   16   16   16   16   16   16   16   16   16   16   16
10078   3   0   0   0   0   1   1   1   1   2   2   2   4   4   4   4   4   4   4   4   4   4   4   6   6   6   6   6   6   6   6   6   6   7   7   7   7   7   7   7   7   7   8   8   8   8   8   8   8   8   8   9   9   9   9   9   9   9   9   9   9   9   10   10   10   10   10   10   10   10   10   10   10   10   10   10
10245   24   0   0   3   3   3   3   3   3   3   3   3   3   3   3   3   3   3   3   3   3   3   3   3   3   3   3   3   3   3   3   3   3   3   3   3   3   3   3   3   3   3   3   3   3   3   3   3   3   3   3   3   3   3   3   3   3   3   3   3   3   11   11   11   11   11   11   11   11   11   11   11   11   11   11   11
10311   24   0   0   0   0   0   0   0   0   0   0   0   0   10   10   10   10   10   10   10   10   10   10   10   10   10   10   10   10   10   10   10   10   10   10   10   10   10   10   10   10   10   10   10   10   10   10   10   10   10   10   10   10   10   10   10   10   10   10   10   10   10   10   18   18   18   18   18   18   18   18   18   18   18   18   20
10383   41   0   0   0   0   0   0   0   0   0   0   11   15   15   15   15   15   15   15   15   15   15   15   15   15   15   15   15   15   15   15   15   15   15   15   15   15   15   15   15   15   15   15   15   15   15   15   15   15   15   15   15   15   15   15   15   15   15   15   15   15   15   16   16   16   16   16   16   16   16   16   16   16   16   16   16
10483   9   0   3   3   3   3   3   3   3   3   3   3   3   3   3   3   3   4   4   4   4   4   4   4   22   22   22   22   22   22   22   22   22   22   22   22   22   22   22   22   22   22   22   22   22   22   22   22   22   22   22   22   22   22   22   22   22   22   22   22   22   22   22   22   22   22   22   22   22   22   22   25   25   25   25   25
10534   3   0   0   0   0   12   16   16   16   16   16   16   16   16   16   16   16   16   16   16   16   16   16   16   16   16   16   16   16   16   16   16   16   16   16   16   16   16   16   16   16   16   16   16   16   16   16   16   16   16   16   16   17   17   17   17   17   17   17   17   17   17   17   17   17   17   17   17   17   17   17   17   17   17   17   17
10590   7   0   0   1   1   2   2   2   2   2   2   2   2   2   2   2   2   2   3   9   9   9   9   9   9   9   9   9   9   12   12   12   12   12   12   12   12   12   12   12   12   12   12   12   12   12   12   12   12   12   12   12   12   12   12   12   12   12   14   14   14   14   14   14   14   14   14   14   14   14   14   14   14   14   14   14
10642   4   0   3   3   3   3   3   6   6   6   6   6   6   6   6   6   6   6   6   6   6   6   6   6   6   6   6   6   6   6   6   6   6   6   6   6   6   6   6   6   6   6   6   6   6   6   6   9   9   9   9   9   9   9   9   9   9   9   9   9   9   9   9   9   9   9   9   9   9   9   9   9   9   10   10   10
10692   10   0   0   0   0   0   0   0   0   0   0   0   0   0   0   0   0   0   0   0   0   0   0   0   0   0   8   8   8   8   8   8   8   8   8   8   8   8   8   8   8   8   8   8   8   8   8   8   8   8   8   8   8   8   8   8   8   8   10   10   10   10   10   10   10   10   10   10   10   10   10   10   10   10   10   10
10746   5   0   0   0   0   1   1   2   2   2   2   2   2   2   2   2   2   2   2   2   2   2   3   3   3   3   3   3   3   3   3   4   4   7   7   7   7   7   7   7   7   7   7   7   7   7   7   7   7   7   7   7   7   7   7   7   7   7   7   7   7   7   7   7   7   7   7   7   7   7   7   7   7   7   7   7
10836   25   0   0   0   0   0   0   0   0   0   0   0   0   0   0   0   0   0   0   0   0   0   0   0   0   0   0   0   0   0   0   0   0   0   0   0   0   0   0   0   0   0   2   2   2   2   2   2   2   2   2   11   11   11   11   11   11   16   16   16   16   16   16   16   16   16   16   16   16   16   16   16   16   16   16   26
10920   41   0   0   2   2   2   2   2   2   2   2   2   2   2   2   2   2   2   2   2   2   2   2   2   2   2   2   2   2   2   2   2   2   2   2   2   2   2   2   2   2   2   3   3   3   3   3   3   3   3   3   3   3   3   3   3   3   3   3   3   3   3   3   3   3   3   3   3   3   3   3   3   3   3   3   3
11006   3   0   1   1   1   1   4   4   4   4   4   4   4   4   4   4   4   4   4   15   21   21   21   21   21   21   21   21   21   21   21   21   21   21   21   21   21   21   21   21   21   21   21   21   21   21   21   21   21   21   21   21   21   21   21   21   21   21   21   21   21   21   21   21   21   21   21   21   21   21   21   21   21   21   21   21
11056   10   0   2   2   2   2   2   2   2   2   2   2   2   2   2   2   2   2   2   2   2   2   2   2   2   2   2   2   2   2   2   2   2   2   2   2   2   2   2   2   2   2   2   2   2   2   2   2   2   2   2   2   2   2   2   2   2   2   2   2   2   2   2   2   2   2   2   2   2   2   2   2   2   2   2   2
11106   16   0   1   1   1   1   2   2   2   2   2   2   2   2   4   4   4   4   4   4   4   4   4   4   4   4   4   4   4   4   6   6   6   6   6   6   6   6   6   7   7   7   7   7   7   7   7   7   7   7   7   7   7   7   7   7   7   7   8   8   8   8   8   8   8   8   8   8   8   8   8   8   8   8   8   8
11156   5   0   0   1   1   1   1   1   1   1   1   1   1   2   2   2   2   2   4   5   5   5   5   5   5   5   5   5   5   5   5   5   5   5   5   5   5   5   5   5   5   5   5   5   6   6   6   6   6   6   6   6   6   6   6   6   6   6   6   6   6   6   6   6   6   6   6   6   6   6   6   6   6   6   6   6
11247   10   0   1   1   1   1   1   1   1   1   1   1   9   10   10   10   10   10   10   10   10   10   10   10   10   10   10   10   10   10   10   10   10   10   10   10   10   10   10   10   10   10   10   10   10   10   10   10   10   10   10   10   10   10   10   10   10   10   10   10   10   10   10   10   10   10   10   10   10   10   10   10   10   10   10   10
11318   24   0   9   9   9   9   9   9   9   9   9   9   9   9   9   9   9   9   9   9   9   9   9   9   9   9   9   9   9   16   16   16   16   16   16   16   16   16   16   16   16   16   16   16   16   16   16   16   16   16   16   16   16   16   17   17   17   17   17   17   17   17   17   17   17   17   17   17   17   17   17   17   17   17   17   17
11384   4   0   1   1   1   1   1   1   1   1   3   3   4   4   5   7   7   9   9   9   9   9   9   9   9   9   25   25   25   25   25   25   25   25   25   25   25   25   25   25   25   25   25   25   25   25   25   25   25   25   25   25   25   25   25   25   25   25   25   25   25   25   25   25   25   25   25   25   25   25   25   25   25   25   25   25
11436   37   0   0   0   1   2   2   2   2   2   2   2   3   3   3   3   3   3   3   3   3   3   4   4   4   5   5   5   5   5   5   5   7   7   7   7   7   7   7   7   7   7   7   7   7   7   7   7   7   7   7   7   7   7   7   7   7   7   9   9   9   9   9   10   10   10   10   10   10   10   10   10   10   10   10   10
11521   4   0   0   0
11581   17   0   0   0   0   0   0   0   0   0   0   0   0   0   0   0   0   0   0   0   0   0   0   0   10   10   10   10   10   10   10   10   10   10   10   10   10   10   10   10   10   10   10   10   10   10   10   10   10   10   10   10   10   10   10   10   10   10   10   10   10   10   10   10   10   10   10   10   10   10   10   10   10   10   13   13
11631   10   0   0   0   0   0   0   0   0   0   31   31   31   31   31   31   31   31   31   31   31   31   31   31   31   31   31   31   31   31   31   31   31   31   31   31   31   31   31   31   31   31   31   31   31   31   31   31   31   31   31   31   31   31   31   31   31   31   31   31   31   31   31   31   31   52   52   52   52   52   52   52   52   52   52   52
11725   63   0   0   0   0   0   0   0   0   0   0   0   0   0   0   0   0   0   0   0   0   0   0   0   0   0   0   0   0   0   0   0   0   0   0   0   0   0   0   0   0   0   0   0   23   23   28   36   36   36   36   36   36   36   36   36   36   36   36   36   36   36   36   36   36   36   36   36   36   36   36   36   36   36   36   36
11899   21   0   0   0   0   0   0   0   0   0   0   0   0   0   0   0   0   0   0   0   0   0   0   0   0   0   0   0   0   0   0   0   3   3   3   3   3   3   3   3   3   3   3   3   3   3   3   3   3   3   3   3   3   3   3   3   3   3   3   3   3   3   3   3   3   3   3   3   4   4   4   4   4   4   4   4
11949   46   0   0   0   0   0   0   1   1   3   3   3   3   3   3   3   3   4   4   4   4   4   4   4   4   4   4   4   4   4   4   4   4   6   6   6   6   6   6   8   8   8   8   8   8   8   8   8   8   8   8   8   8   8   8   8   11   11   11   11   11   11   11   11   11   11   11   11   11   11   11   11   11   11   11   11
12054   5   0   0   0   0   0   0   0   0   0   0   0   0   0   0   0   1   1   1   1   1   1   1   3   3   3   3   3   3   3   3   4   4   4   4   4   4   4   4   4   4   4   4   4   5   5   5   5   5   5   5   5   5   5   5   5   5   5   5   5   5   5   5   7   8   8   8   8   8   8   8   8   8   8   8   8
12105   15   0   3   3   3   3   3   3   3   3   3   3   3   3   3   3   3   3   3   3   3   4   4   4   4   4   4   4   4   4   4   4   4   4   4   4   4   4   4   4   4   4   4   4   4   4   4   4   4   4   4   4   4   4   4   4   4   8   8   8   8   14   14   14   14   14   14   14   14   14   14   14   14   14   14   14
12158   15   0   4   8   8   8   8   8   8   8   8   8   8   8   8   8   8   8   8   8   8   8   8   8   8   8   8   8   8   8   8   8   8   8   8   8   8   8   8   8   8   8   8   8   8   8   8   8   8   8   9   9   9   9   9   13   13   13   13   13   13   13   13   13   13   13   13   13   13   13   13   13   13   13   13   13
12209   9   0   0   0   0   0   0   0   0   0   0   0   0   12   12   12   12   12   12   12   12   12   12   12   12   12   12   12   12   12   12   12   12   12   12   12   12   12   12   12   12   12   12   12   12   12   12   12   12   12   12   12   12   12   12   12   12   12   12   12   12   12   12   12   12   12   12   12   12   12   12   12   12   12   12   12
12260   5   0   1   1   1   1   1   1   1   1   1   1   1   3   3   3   10   10   10   10   10   10   10   10   10   10   10   10   10   10   10   10   10   14   14   14   14   14   14   14   14   14   15   15   15   15   15   15   15   15   15   15   15   15   15   15   18   18   18   18   18   18   18   18   18   18   18   18   18   18   18   18   18   18   18   18
12314   9   0   2   3   3   3   3   3   3   3   3   3   3   3   3   3   3   3   3   3   3   3   3   3   3   3   3   3   3   3   3   3   3   3   3   3   3   3   3   3   3   8   8   8   8   8   8   8   8   8   8   8   8   8   8   8   8   8   8   8   8   8   8   8   8   8   8   8   8   8   8   8   8   8   8   8
12365   10   0   2   2   2   2   2   2   2   2   2   2   2   2   2   2   2   2   2   2   2   2   2   2   2   2   2   2   2   2   2   2   2   2   2   2   2   2   2   2   2   2   2   2   2   2   2   2   2   2   2   2   2   2   2   2   2   2   2   2   2   2   2   2   2   2   3   3   3   3   3   3   3   4   10   10
12420   6   0   1   3   3   3   3   3   3   3   7   7   7   7   7   7   7   7   7   7   7   7   7   7   7   7   7   13   15   15   18   18   18   18   18   18   18   18   18   18   18   18   18   18   18   18   18   18   18   18   18   18   18   18   18   18   18   18   18   18   18   18   18   18   18   18   18   18   18   18   18   18   18   18   18   18
12470   46   0   0   0   0   0   0   0   0   0   0   0   0   0   0   0   0   0   3   3   3   3   5   5   5   5   5   5   5   5   5   5   5   5   5   5   5   5   5   5   5   5   5   5   5   5   5   5   5   5   5   5   7   7   7   7   7   7   7   7   7   7   7   7   7   7   7   7   7   8   8   8   8   8   8   8
12570   6   0   1   1   1   1   1   1   1   1   1   1   1   1   1   16   16   21   21   21   21   21   21   21   21   21   21   21   21   21   21   21   21   21   21   21   21   21   21   21   21   21   21   21   21   21   21   21   21   21   21   21   21   21   21   21   21   21   21   21   21   21   27   27   27   27   27   27   27   27   27   27   27   27   27   27
12622   4   0   0   1   1   1   2   2   2   2   2   3   3   3   3   7   7   7   7   8   8   8   8   8   8   8   8   8   8   8   12   15   15   15   15   15   15   15   15   15   15   15   15   15   15   15   15   15   15   15   15   15   15   15   15   15   15   15   22   22   22   22   22   22   22   22   22   22   22   22   22   22   22   22   22   22
0   19   0   39   41   41   41   51   51   57   60   64   64   64   64   64   64   64   64   64   72   72   72   72   72   72   72   76   89   92   98   98   98   98   98   98   98   98   98   98   98   98   98   102   102   102   102   102   102   102   105   105   105   105   105   105   105   105   105   105   105   105   105   105   105   109   113   115   115   115   115   115   115   115   115   115   115
155   10   0   0   1   1   1   1   1   3   3   3   3   4   4   4   4   4   5   5   5   5   5   5   7   9   10   10   12   12   12   12   12   12   12   12   12   12   12   15   16   16   16   16   16   16   16   16   16   16   16   21   21   21   21   21   21   21   21   21   21   21   21   21   21   21   21   21   21   21   21   21   21   21   21   21   21
205   11   0   0   0   0   0   7   9   9   9   9   9   9   9   9   9   9   9   9   9   9   9   9   9   14   14   14   14   14   14   14   14   14   14   14   14   14   14   14   14   14   14   14   14   14   14   14   14   14   14   14   14   14   14   14   14   14   14   15   20   20   20   20   20   20   20   20   20   20   20   20   20   20   20   20   20
256   66   0   0   6   6   6   6   6   6   6   6   6   6   6   6   6   6   6   6   6   6   6   6   6   6   6   6   6   6   6   6   6   6   6   6   6   6   6   6   6   6   6   6   6   6   6   6   6   6   6   6   6   6   6   6   6   6   16   16   16   16   16   16   16   16   16   17   17   17   17   17   17   17   17   17   17
408   42   0   0   0   0   0   0   0   0   0   0   0   0   1   1   1   1   1   1   1   1   2   2   4   4   4   4   4   4   4   4   4   4   6   6   6   6   6   6   6   11   11   11   11   11   11   11   11   11   11   13   13   13   13   13   13   13   13   13   13   13   13   13   13   13   13   13   13   13   13   13   13   13   13   13   13
510   4   0   1   2   9   9   9   9   9   9   9   9   9   9   9   9   9   9   9   9   9   9   9   9   9   9   9   11   11   11   11   11   11   11   11   11   11   11   11   14   14   14   14   14   14   14   14   14   14   14   14   14   14   14   14   14   14   14   14   19   19   19   19   19   19   19   19   19   19   19   19   19   19   19   19   19
562   3   0   0   0   0   0   0   1   3   4   4   5   5   5   5   5   5   5   5   5   5   5   5   5   5   5   5   5   5   5   5   5   5   5   5   5   5   5   8   8   8   8   8   8   8   8   8   8   8   8   8   8   8   8   8   8   8   8   8   8   8   10   10   10   10   10   10   10   10   10   10   10   10   10   10   10
612   8   0   1   1   1   1   1   1   1   1   1   1   1   1   1   1   1   1   1   1   1   1   8   11   11   11   11   11   11   11   11   11   11   11   11   11   11   11   11   11   11   11   11   11   11   11   11   11   11   11   11   11   11   11   11   11   11   11   11   11   11   11   11   11   11   11   11   11   11   12   12   12   12   12   12   12
662   4   0   0   0   0   0   0   0   0   0   1   3   3   3   3   3   3   5   5   11   11   11   11   11   11   11   11   11   11   11   11   11   11   11   11   11   11   11   11   11   11   11   11   11   11   11   11   11   11   11   11   11   11   11   11   11   11   11   11   11   11   11   11   11   11   11   11   11   11   11   11   11   11   11   11   11
713   7   0   7   7   7   7   7   7   7   7   7   7   7   7   7   7   7   7   7   7   7   7   7   7   7   7   7   7   7   7   7   7   7   13   13   13   13   13   13   13   13   13   13   13   13   13   13   13   13   13   13   13   13   13   13   13   13   13   13   13   13   13   13   13   13   13   13   13   13   13   13   13   13   13   13   13
764   5   0   0   0   0   0   0   0   0   0   0   0   0   0   0   0   7   7   7   7   7   7   7   7   7   7   7   7   7   7   7   7   7   7   7   16   16   16   16   16   16   16   16   16   16   16   16   16   16   16   16   16   16   16   16   16   16   16   16   16   16   16   16   16   16   16   16   16   16   16   16   16   16   16   16   16
814   3   0   0   0   1   1   1   1   1   1   1   1   2   2   4   4   7   7   7   7   7   7   7   7   7   7   7   7   7   7   7   7   7   7   7   7   7   7   14   14   14   14   14   14   14   14   14   14   14   14   14   14   14   14   16   19   19   19   19   19   19   19   19   19   20   20   20   20   20   20   20   20   20   20   20   20
864   6   0   3   3   3   3   3   3   3   3   3   3   3   3   3   3   3   3   3   3   3   3   3   3   3   7   9   12   18   18   18   18   18   18   18   18   18   18   18   18   18   18   18   18   18   18   18   18   18   18   18   18   18   18   18   18   18   18   18   18   18   18   18   18   18   18   18   18   18   20   20   20   20   20   20   20
915   3   0   0   1   2   2   2   2   2   2   2   2   7   7   7   7   7   7   7   7   7   7   7   7   7   17   17   17   17   17   17   17   17   17   17   17   17   17   17   17   17   17   17   17   17   17   17   17   17   17   17   17   17   17   17   17   17   17   17   17   17   17   17   17   17
989   23   0   0   0   0   0   0   0   0   2   4   5   5   5   5   5   5   5   5   5   5   5   5   5   5   5   5   5   5   5   5   5   5   5   5   5   5   5   5   5   5   5   5   5   5   5   5   5   5   5   5   5   5   5   5   5   5   5   5   5   5   5   5   5   8   8   8   8   8   8   8   8   8   8   8   8
1046   8   0   0   0   0   0   0   0   0   0   0   0   0   0   0   0   0   0   0   0   0   0   2   2   2   2   2   2   2   2   2   2   2   2   2   2   2   2   2   12   12   12   12   12   12   12   12   12   12   12   12   12   12   12   12   12   12   12   12   12   12   12   12   12   12   12   12   12   12   12   12   12   12   12   12   12
1097   8   0   0   0   1   1   1   1   1   2   2   2   2   4   4   4   4   8   8   8   8   8   8   8   9   9   9   9   9   9   9   9   9   9   9   9   9   9   9   9   9   9   9   9   9   9   9   9   9   9   9   9   9   9   9   9   9   9   9   9   9   9   9   9   9   9   9   9   12   12   12   12   12   12   12   12
1147   4   0   0   0   0   1   1   1   1   1   1   1   1   1   1   1   1   2   2   3   3   3   3   3   5   5   5   5   5   5   5   5   5   5   6   6   6   6   6   6   6   6   6   6   6   6   6   6   6   6   6   6   8   8   8   8   8   8   8   8   8   8   8   8   8   8   9   9   9   9   9   9   9   9   9   9
1232   10   0   0   0   0   0   0   0   0   0   0   0   5   5   5   5   5   5   5   5   5   5   5   5   9   12   12   12   12   12   12   12   15   17   17   17   17   17   17   17   17   17   17   17   17   17   17   17   17   19   19   19   19   19   19   19   19   19   19   19   19   19   19   19   19   19   19   19   19   19   19   19   19   29   29   29
1282   4   0   0   0   0   0   1   1   1   9   9   9   9   9   9   9   9   9   9   9   9   9   9   9   9   9   9   9   9   9   9   10   10   10   10   10   10   10   10   10   10   10   10   11   11   11   11   11   11   11   11   11   11   11   11   11   11   12   12   12   12   12   12   12   12   12   12   12   12   12   12   12   12   12   12   12
1332   7   0   0   0   0   0   0   0   0   0   0   0   0   0   0   0   0   0   0   0   0   0   0   0   0   0   0   0   0   0   0   0   4   6   6   6   6   6   6   6   6   6   6   6   6   6   6   6   6   6   6   6   6   6   6   6   6   6   6   6   6   6   6   6   6   6   6   6   6   11   11   11   11   11   11   11
1384   12   0   0   1   1   1   1   1   1   1   1   1   1   3   3   3   3   3   3   3   3   3   3   3   4   4   4   4   4   4   4   4   7   7   7   7   7   7   8   8   8   8   8   8   8   8   8   8   8   9   9   9   9   9   9   9   9   9   9   9   9   9   9   9   9   9   9   9   9   9   9   9   9   9   9   9
1434   3   0   11   11   11   11   11   11   11   11   11   11   11   11   11   11   11   11   11   11   11   11   11   11   11   11   11   11   11   11   11   11   11   11   11   11   11   11   11   14   14   14   14   14   14   14   14   14   14   14   14   14   14   14   14   14   14   14   14   14   14   14   14   14   14   14   14   14   14   14   14   14   14   14   14   14
1521   13   0   2   2   2   2   2   2   2   2   2   2   2   2   2   2   2   2   2   2   2   2   4   4   4   4   5   5   5   5   5   5   5   5   5   5   5   5   5   12   13   14   15   15   15   15   15   15   15   15   15   15   15   15   15   15   15   15   15   15   15   15   15   15   15   15   15   15   15   15   15   15   15   15   15   15
1574   3   0   0   0   0   0   0   0   6   7   7   7   7   7   7   7   7   8   8   8   8   8   8   8   8   8   8   8   8   8   8   8   8   8   8   8   8   8   8   8   8   8   8   8   8   8   8   8   8   8   8   8   8   8   8   10   10   10   10   10   10   10   10   10   10   10   10   10   10   10   10   10   10   10   10   10
1625   4   0   1   1   1   1   1   1   1   1   1   1   1   1   1   1   1   3   3   3   3   3   3   4   4   4   4   4   4   4   6   6   6   6   6   6   6   6   9   10   10   10   10   10   10   10   10   10   10   10   10   10   10   10   10   10   10   10   10   10   10   11   11   11   11   11   11   11   11   11   11   11   11   11   11   11
1676   2   0   1   1   1   1   1   1   1   1   1   2   2   2   2   2   2   2   2   4   4   4   4   4   6   6   6   6   7   7   7   7   7   7   7   7   7   7   7   8   8   8   8   8   8   8   8   8   8   8   8   8   8   8   8   8   8   8   8   8   8   8   8   8   8   8   8   9   9   9   9   9   9   9   9   9
1768   6   0   9   9   9   9   9   9   9   9   9   9   9   9   9   9   9   9   9   9   9   9   9   9   9   9   9   9   9   9   9   9   9   9   9   9   9   9   9   9   9   9   9   9   9   9   9   9   9   9   9   10   12   12   12   12   12   17   19   20   24   24   24   24   24   24   24   24   24   24   24   24   24   24   24   24
1818   4   0   34   34   34   34   34   34   34   34   34   34   34   34   34   34   34   34   34   34   34   34   34   34   34   34   34   34   34   34   34   34   34   34   34   34   34   34   34   34   34   34   34   34   34   34   39   44   50   50   50   50   50   50   50   50   50   50   50   50   50   50   50   50   50   50   50   50   50   50   50   50   50   50   50   50
1886   9   0   3   4   6   6   6   7   7   7   7   7   7   7   7   7   7   7   7   7   7   7   7   7   7   7   7   7   7   7   7   7   7   7   7   8   8   8   8   8   8   8   8   8   8   9   9   9   9   9   9   9   9   9   9   9   9   9   9   9   10   10   10   10   10   10   10   10   10   10   10   10   10   10   10   10
1946   7   0   9   9   9   9   9   9   9   16   16   16   67   67   67   67   67   67   67   67   67   67   67   67   67   67   67   67   67   67   67   67   67   67   67   67   67   67   67   67   67   67   67   67   67   67   67   67   67   67   67   67   67   67   67   67   67   67   67   67   67   67   75   93   93   93   93   93   93   93   93   93   93   93   93   93
2063   46   0   0   0   0   0   0   0   0   0   0   15   15   15   15   15   15   15   15   15   15   15   15   15   15   15   15   15   15   15   15   15   15   15   15   15   15   15   15   15   15   15   15   15   15   15   15   32   32   32   32   32   32   32   32   32   32   32   32   32   32   32   32   32   32   32   32   32   32   32   32   32   32   32   32   32
2231   99   0   0   0   0   0   0   0   0   0   0   0   0   0   0   0   0   0   0   0   0   0   0   0   0   0   0   0   0   0   0   0   0   0   0   0   0   0   0   0   0   0   0   0   0   0   0   0   0   0   0   0   0   0   0   0   0   0   0   0   0   0   0   0   0   0   0   0   0   0   0   0   0   0   0   20
2450   11   0   0   0   0   0   0   0   0   0   0   0   0   0   0   0   0   0   0   0   6   11   11   11   11   11   11   11   12   12   12   12   12   12   12   12   12   12   12   12   12   12   12   12   12   12   12   12   12   12   12   12   12   12   12   12   12   12   12   12   12   12   12   12   12   12   12   12   12   12   12   12   12   12   12   12
2502   49   0   0   0   0   0   0   1   1   1   1   1   3   3   3   4   4   4   4   5   5   5   5   5   7   7   7   7   7   7   7   9   9   9   9   9   9   9   9   9   9   9   9   9   9   9   10   10   10   10   11   11   11   11   11   12   12   12   12   12   12   12   12   12   13   13   13   13   13   13   13   13   13   13   13   13
2615   4   0   0   0   0   0   0   1   1   1   1   1   1   1   2   2   2   4   4   4   5   5   5   5   5   6   6   6   6   6   6   7   7   7   7   7   7   7   7   7   7   7   8   8   10   10   10   10   10   12   12   12   13   13   13   13   13   13   13   13   13   13   13   13   13   13   13   14   14   14   14   18   18   18   18   18
2722   15   0   1   1   1   2   2   2   2   2   2   3   3   3   3   4   4   5   5   6   6   7   7   7   7   8   8   8   8   8   9   9   10   10   10   10   10   11   11   11   11   11   11   11   13   13   13   13   13   13   13   13   13   13   13   13   13   13   14   14   14   14   14   14   14   14   14   15   15   15   15   15   15   15   15   15
2773   6   0   0   0   0   1   1   1   1   2   2   2   2   4   4   4   4   4   4   5   5   5   5   5   5   5   5   6   6   6   6   6   6   6   6   6   6   6   6   6   6   6   8   8   8   8   8   8   8   8   8   8   8   8   8   8   8   8   8   8   8   8   8   9   9   9   9   9   9   9   9   9   9   10   10   10
2824   4   0   0   0   0   1   2   2   2   2   2   2   2   2   2   2   2   2   2   5   5   5   5   5   5   5   5   5   5   7   8   8   8   8   8   9   9   9   9   9   9   11   11   11   11   11   11   11   11   11   11   11   12   12   12   12   12   12   12   12   12   12   12   12   12   12   12   12   12   12   13   13   13   13   13   13
2874   4   0   1   1   1   1   1   1   1   1   1   1   4   4   4   5   5   5   5   5   5   6   6   6   6   6   6   6   6   6   6   6   6   6   6   6   6   6   6   6   6   7   7   7   7   7   7   7   7   7   8   8   8   8   8   8   8   8   8   8   8   9   9   9   9   9   9   9   9   9   9   9   9   9   9   9
2924   4   0   7   7   7   7   7   7   7   7   7   7   7   7   7   7   7   7   7   7   7   7   7   7   7   7   7   7   7   7   7   7   7   7   7   7   7   7   10   12   12   12   12   12   12   12   12   12   12   12   12   12   12   12   12   12   12   12   12   12   12   12   12   16   16   16   16   16   16   16   16   16   16   16   16   17
2987   5   0   0   0   3   3   3   3   3   3   3   3   3   3   3   3   3   3   4   4   4   4   4   4   5   5   5   5   5   5   6   6   6   6   6   6   6   6   6   6   6   6   7   7   7   7   7   15   15   15   15   15   15   15   15   15   15   15   15   15   15   28   28   29   29   29   29   29   29   29   29   29   29   29   29   29
3038   42   0   3   4   5   5   5   5   5   5   5   5   5   5   5   5   5   5   6   6   6   6   6   6   6   6   6   6   6   6   6   6   6   17   19   19   19   19   19   19   19   19   19   19   19   19   19   19   19   19   19   19   19   19   19   19   19   19   19   19   19   19   19   19   19   19   19   19   19   19   19   19   19   19   19   19
3143   3   0   0   0   0   0   1   1   1   1   2   2   2   2   2   2   3   3   3   3   3   3   3   3   3   3   3   3   3   5   5   5   5   5   5   5   5   5   5   5   5   5   5   5   5   5   5   5   5   5   5   5   5   7   7   7   7   7   7   9   9   9   9   9   9   9   9   9   9   9   9   9   9   9   9   9
3193   5   0   0   1   2   5   6   6   6   6   6   6   6   6   6   6   6   6   6   6   6   6   7   7   7   7   7   7   7   7   7   7   7   7   7   7   7   7   7   7   7   7   7   8   8   8   8   9   9   9   9   9   9   9   9   9   9   9   9   9   9   9   9   9   9   9   9   9   9   9   9   11   11   11   11   11
3270   11   0   6   6   6   6   6   6   6   6   6   6   6   6   6   6   6   6   8   12   13   13   13   13   13   13   13   13   13   13   13   13   13   13   13   13   13   13   13   13   13   13   13   13   13   13   13   19   19   19   19   19   19   19   19   19   19   19   19   19   19   28   28   28   31   36   36   36   36   36   36   36   36   36   36   37
3335   14   0   0   0   0   0   0   0   0   0   0   0   0   0   0   0   0   0   0   0   0   0   0   0   0   0   0   0   0   3   3   3   3   3   3   3   3   3   3   3   3   3   3   3   3   8   8   8   8   8   8   8   8   8   8   8   8   8   8   8   8   8   8   8   8   8   8   8   8   8   8   8   8   8   8   8
3385   4   0   0   0   5   5   5   6   6   6   6   6   6   6   6   6   6   6   6   6   6   6   6   6   6   6   11   11   11   12   12   12   12   12   12   12   12   12   12   12   12   15   15   15   17   17   17   17   17   17   17   17   17   17   17   17   17   17   17   17   17   17   17   17   17   17   17   17   17   17   17   17   17   17   17   17
3436   6   0   0   0   0   0   0   0   0   0   0   0   0   16   19   27   27   27   27   27   27   27   27   27   27   27   27   27   27   27   27   27   27   27   27   27   27   27   27   27   27   27   27   27   27   27   27   27   27   27   27   27   27   27   27   27   27   27   27   31   31   37   37   37   37   37   40   41   41   41   41   41   41   41   41   41
3490   4   0   0   0   3   3   3   7   7   7   7   7   7   7   7   7   7   7   7   7   10   10   10   10   10   10   10   10   10   10   10   10   10   10   10   10   10   10   10   10   10   10   10   10   10   10   10   10   10   10   10   10   10   10   10   10   10   10   10   10   10   10   10   11   11   11   12   12   12   12   12   12   12   12   12   12
3558   43   0   1   1   2   2   3   3   4   4   5   5   5   5   5   6   6   6   7   7   8   8   8   10   10   10   10   10   10   10   10   10   10   10   10   10   10   10   10   10   11   11   11   11   11   11   14   14   14   14   14   14   14   14   14   14   14   14   14   14   14   14   14   14   14   14   14   14   14   14   14   16   16   16   16   16
3661   4   0   0   0   0   0   1   2   4   5   5   5   5   5   6   6   6   6   6   6   6   6   6   6   6   8   8   8   8   8   9   9   9   9   9   9   9   9   9   9   9   9   9   10   10   10   10   10   10   10   10   10   10   10   10   10   10   10   10   10   10   10   10   10   10   12   12   12   12   12   12   12   12   12   12   12
3747   5   0   1   1   1   1   1   1   1   1   1   1   1   3   3   5   5   5   5   6   6   6   6   6   6   8   8   8   8   8   8   8   8   8   8   8   8   8   8   8   14   14   14   14   14   14   14   18   21   22   22   22   22   22   22   22   22   22   22   22   22   22   22   22   22   22   22   22   22   22   22   22   22   22   22   22
3820   6   0   0   0   0   0   0   0   0   0   0   1   1   1   1   3   3   3   3   3   3   3   3   3   3   3   3   3   3   4   4   4   4   4   4   4   4   4   4   6   8   8   8   8   8   8   8   10   10   10   10   10   10   10   10   10   10   10   10   10   10   10   10   10   10   11   11   11   11   11   11   11   11   11   11   11
3882   4   0   1   1   1   1   1   1   1   2   2   2   2   2   2   2   2   2   2   2   4   4   4   4   4   4   4   4   4   10   10   10   10   10   10   10   10   10   10   10   10   10   10   10   10   10   10   10   10   10   10   10   10   10   10   10   10   10   10   10   10   10   10   10   10   10   10   10   10   10   10   10   10   10   10   10
3932   5   0   0   0   0   0   0   0   1   1   4   7   7   10   10   11   13   14   14   14   14   14   14   14   14   14   14   14   14   14   14   14   14   14   14   14   14   14   14   14   14   14   14   14   14   14   14   14   14   14   14   14   16   16   16   17   17   17   17   18   18   18   18   18   18   18   18   18   18   18   18   18   18   18   18   18
3982   5   0   0   0   0   0   0   0   1   1   1   1   1   1   1   2   2   2   2   2   3   3   3   3   4   4   5   6   6   6   6   6   6   6   6   6   6   6   8   8   8   8   8   8   8   8   8   8   9   9   9   9   9   9   9   9   9   9   9   9   10   10   10   10   10   10   10   10   10   10   10   10   10   10   10   10
4032   5   0   1   1   1   1   1   1   1   1   1   1   3   4   4   4   4   4   4   4   4   4   4   4   4   4   4   4   4   4   4   4   5   5   5   5   5   5   5   5   5   5   5   7   7   7   7   7   7   7   7   7   7   7   7   7   7   7   7   7   8   8   8   8   8   8   8   8   8   8   8   8   8   8   8   8
4095   36   0   0   0   0   0   1   3   3   3   3   4   4   4   4   4   4   4   4   4   4   4   5   5   5   5   5   5   7   7   7   7   7   7   7   7   10   10   10   10   10   10   10   10   10   10   10   10   10   10   10   10   10   10   10   10   10   10   10   10   10   12   12   12   12   12   12   12   12   12   12   12   12   12   12   12
