89   0   6   6   9   9   9   9   9   9   9   10   11   12   12   12   12   12   12   14   17   17   17   17
164   0   6   6   6   7   7   7   8   8   8   8   8   8   9   9   11   11   14   14   14   14   14   20   21
280   0   0   1   1   1   1   2   2   2   2   2   2   3   3   3   3   3   4   4   4   4   5   5   5   5
370   0   6   6   10   10   10   14   14   14   14   14   14   14   18   21   21   26   26   26   27   27   27   27   27   27
486   0   0   1   1   1   1   1   1   1   7   7   8   8   8   8   8   8   8   9   9   9   9   9   9   9
582   0   0   1   6   6   6   7   7   7   7   7   14   15   15   15   15   15   15   16   16   16   18   18   18   19
678   0   0   1   13   13   14   14   14   14   14   14   14   14   14   14   14   15   15   15   15   15
802   0   1   1   1   1   1   1   2   2   2   3   3   3   3   3   3   3   4   4   4   4   4   5   5   5
2917   0   1   1   2   2   3   3   4   4   4   5   5   6   6   6   6   7   7   7   8   8   8   9   9   9
3004   0   0   1   2   4   4   11   11   12   12   12   18   18   53   55   62   67   68   68   68   68   70   70   71   71
3078   0   7   8   8   8   8   8   8   50   58   58   58   58   58   58   58   58   60   61   61   63   63   63   63
5173   0   1   1   1   1   4   5   5   6   7   7   7   7   8   8   8   8   9   9   9   9   10   10   10   10
5262   0   13   14   14   14   14   14   14   14   14   15   15   15   15   15   15   15   15   16   16   16   22   25   25   25
5333   0   9   9   9   9   10   10   10   11   11   11   18   19   19   19   19   19   19   19   20   20   20   20   20   20
5406   0   4   4   4   5   5   8   8   8   8   8   8   8   8   9   9   9   9   9   9   9   9   9   10   10
5524   0   0   1   1   1   1   1   2   2   2   2   2   2   3   3   3   3   3   3   4   4   4   4   4   5
5593   0   1   2   7   8   8   8   8   8   8   8   8   8   9   10   10   10   10   10   11   11   11   12   13   13
5669   0   0   6   6   7   7   9   9   9   9   9   9   9   10   10   12   12   13   13   13   13   14   14   15   15
5741   0   4   4   6   6   6   6   6   6   6   7   8   8   8   8   11   12   12   12   12   12   12   13   13   14
5816   0   6   6   11   12   12   12   12   12   12   12   12   12   12   12   13   13   13   13   13   13   13   13   13   13
5910   0   11   11   11   13   13   13   14   17   18   18   18   18   18   18   18   18   19   19   19   19   19   19   19
6045   0   0   1   1   1   1   1   1   2   2   2   2   2   3   3   3   3   3   3   4   4   4   4   4   4
6131   0   0   1   1   1   1   3   3   3   3   3   8   11   12   12   12   12   12   12   12   13   13   13   14   14
6207   0   0   8   8   8   9   9   9   9   9   9   10   10   14   14   14   14   14   15   15   15   15   15   15   15
6286   0   7   7   7   14   14   18   18   21   21   21   21   21   25   25   26   26   26   26   26   26   26   26   26   26
6371   0   4   8   8   9   9   12   12   12   12   17   17   17   17   17   17   18   18   18   18   18   18   22   28   29
6449   0   7   7   7   7   8   13   13   13   13   13   13   13   13   14   14   14   17   18   19   20   22   24   25   25
6569   0   1   2   2   2   2   2   2   3   3   3   3   4   4   4   4   5   5   5   5   5   5   5   6   6
6642   0   4   4   4   5   11   13   14   14   14   14   14   15   15   15   15   15   18   19   21   21   22   22   22   22
6716   0   0   1   1   1   4   8   8   8   8   8   11   12   12   12   14   14   15   15   15   15   15   17   17   17
6790   0   3   3   3   3   3   3   6   7   7   8   8   8   8   9   9   9   9   9   9   9   9   9   9   12
6877   0   0   1   8   8   9   9   9   9   9   9   9   9   9   9   9   11   12   12   12   12   12   12   12   13
6939   0   4   9   9   10   10   14   14   14   14   14   15   15   15   15   15   15   15   15   15   15   15   16   16   16
7092   0   0   1   1   1   2   2   2   2   3   3   3   3   3   4   4   4   4   4   4   4   5   5   5   5
7162   0   1   1   1   1   2   2   2   7   7   7   7   8   8   8   8   8   8   8   12   12   12   12   13   13
7234   0   0   1   1   1   2   2   3   3   3   3   8   8   8   8   8   8   8   8   8   9   9   9   9   9
7309   0   0   1   1   1   1   1   6   7   12   13   13   13   13   13   13   13   14   14   14   14   14   14   14   14
7386   0   0   1   5   5   5   5   5   6   6   6   8   13   13   13   14   14   14   14   14   14   14   14   15
7455   0   4   5   6   6   9   9   9   9   9   9   10   10   11   11   11   12   12   12   12   12   12   15   15   15
7528   0   0   1   1   92   92   92   94   94   94   94   95   95   95   95   95   95   95   95   95   95   95   96   96   96
7675   0   0   1   12   12   12   12   12   12   12   13   13   13   13   14   14   14   16   20   20   20
7751   0   1   4   4   5   5   5   9   10   12   13   13   15   17   17   25   26   26   26   26   26   27   27   27   27
7839   0   0   1   1   1   1   1   1   1   7   7   7   8   8   8   8   8   8   11   11   11   12   12   12   12
7904   0   3   4   9   9   9   9   9   9   9   10   10   10   10   10   10   12   12   12   12   12   13   13   14
7976   0   1   1   3   3   3   6   7   7   7   7   7   8   8   8   8   8   8   8   8   9   9
8045   0   0   1   1   1   3   3   3   6   96   96   96   97   97   97   97   97   98   98   98   98   98   98   98   98
8204   0   1   1   1   2   2   7   7   7   8   8   8   9   9   9   10   10   10   10   11   11   11
8273   0   3   3   9   9   9   10   10   10   10   10   11   13   14   14   14   14   14   14   16   16   16   16   16   16
8352   0   1   1   5   8   9   9   9   9   10   10   10   10   11   11   11   11   11   11   12   12   12   13   13
8421   0   9   9   9   9   9   9   10   10   21   21   21   21   21   22   22   22   22   22   22   23
8488   0   3   3   9   9   9   9   10   10   10   10   10   10   10   15   15   15   15   16   16   16   16   16   16   16
8554   0   3   3   7   8   10   15   15   15   15   16   16   16   16   16   22   22   22   113   113   113   113   113   113
8667   0   0   1   2   2   2   2   2   3   3   3   3   3   4   4   4   4   5   5   5   5   5
8732   0   3   4   4   4   4   5   5   7   8   9   10   10   10   11   11   12   12   13   13   13   13
8814   0   1   1   7   7   7   7   8   11   11   16   17   18   18   18   18   18   20   20   26   27
8893   0   10   10   10   10   11   11   11   11   11   11   11   11   12   12   12   12   12   12   12   13   13   13   13
8978   0   1   2   2   2   2   7   7   8   16   16   16   16   16   16   17   17   17   17   17   17   17   17   17
9061   0   1   1   1   1   4   4   5   5   5   5   5   8   8   12   12   12   12   12   12   12   13   13
9190   0   1   1   1   2   2   2   2   3   3   3   4   4   4   4   4   5   5   5   5   5   6   6
9270   0   0   1   1   1   7   7   7   8   8   8   8   8   8   8   8   9   9   11   11   11   12   12
9348   0   1   3   5   5   8   8   10   10   12   13   13   13   13   13   13   13   13   14   14   14   14
9427   0   1   2   3   5   9   9   9   10   10   10   11   11   11   12   12   12   12   13   13   14   14   14   14
9516   0   2   9   9   9   10   10   11   11   11   12   12   12   13   13   13   14   14   15   15   15   16   16
9588   0   1   1   2   2   5   6   6   6   7   7   7   7   8   8   11   11   12   12   12   12   13   13   13   14
9717   0   1   1   2   2   3   3   3   3   4   4   4   5   5   5   6   6   7   7   7   8   8   8   8   9
9793   0   1   1   1   2   2   3   3   3   4   4   4   5   5   5   5   6   6   6   6   6   7   7   7   7
9865   0   1   2   4   4   5   5   7   7   8   8   8   8   8   8   10   10   10   10   11   11   11   11   11   12
9947   0   1   4   4   4   4   4   7   7   7   7   7   8   9   9   9   9   9   11   11   11   11   11   11   11
10019   0   2   2   4   4   4   9   9   9   9   9   9   9   9   9   10   10   10   14   14   14   15   15   15   18
10094   0   1   1   1   1   1   1   5   5   8   9   9   9   9   9   9   9   10   10   10   10   10   10   10   11
10241   0   1   1   2   2   3   3   3   3   4   4   4   4   5   5   5   6   6   7   7   7   7   8
10309   0   1   1   2   2   6   6   7   8   8   8   8   9   9   9   9   10   10   10   10   11   11   11   11   12
10382   0   1   8   9   9   9   9   9   9   9   10   10   10   10   10   10   10   10   10   11   12   12   12   12   13
10457   0   1   1   1   1   2   3   3   3   7   8   8   9   10   10   10   11   11   11   11   12   12   12   13   13
10530   0   3   3   8   8   8   8   8   9   9   9   9   9   10   10   10   10   10   11   11   11   11   11   11   12
10598   0   1   1   6   8   8   8   8   9   9   9   10   10   11   11   11   11   12   12   12   12   12   13   13   13
10674   0   1   1   1   1   1   1   88   88   88   89   89   89   89   89   89   90   90   90   90   90   90   90   91
10822   0   3   4   4   4   4   4   4   6   7   7   8   8   8   8   8   8   8   9   9   10   10   11   11   13
10905   0   1   5   6   6   6   7   7   7   8   8   8   9   9   9   9   10   10   10   10   11   11   11   11   12
10984   0   1   1   1   2   4   4   4   4   5   5   5   5   6   6   6   7   7   7   7   7   8   8   8   8
11055   0   1   7   7   7   8   8   8   8   10   10   10   20   21   21   21   21   22   22   22   23   23   23   23   24
11128   0   0   1   6   6   6   6   6   6   7   7   7   7   7   7   7   7   7   7   8   8   8   8   8   8
11288   0   1   1   1   2   2   3   3   3   3   4   4   4   5   5   5   5   6   6   6   6   6   7   7   7
11356   0   0   1   1   1   1   7   8   8   8   8   9   9   9   9   9   9   10   10   10   10   10   10   11   11
11430   0   1   7   7   8   8   8   8   8   9   9   9   9   9   9   9   10   10   10   10   10   10   11   12   12
11502   0   2   4   7   7   7   8   8   8   18   18   18   21   25   25   25   25   26   26   26   26   30   30   30   30
11580   0   6   8   8   10   13   14   14   14   15   16   16   16   16   16   16   16   16   16   17   17   17   18   18   18
11651   0   1   7   7   7   7   7   9   10   10   10   13   13   13   20   20   20   20   20   21   21   21   21   23   23
11812   0   1   1   2   2   2   3   3   4   4   4   4   4   5   5   5   6   6   6   7   7   7   8   8   8
11884   0   5   5   9   10   11   11   11   11   11   11   12   12   12   12   12   12   12   12   12   13   13   14   14   14
11959   0   6   6   6   6   6   7   7   7   7   7   7   8   9   9   9   9   9   11   11   11   11   11   11   11
12031   0   0   1   1   1   1   7   7   7   7   7   7   7   8   8   8   8   8   8   8   8   8   8   8
12104   0   1   1   1   1   1   2   2   2   6   6   6   6   6   7   7   7   7   7   7   7   7   8
12169   0   0   0   1   4   7   7   9   10   10   16   16   16   22   22   23   23   23   23   48   48   59   59   59   60
12337   0   1   1   1   2   2   2   2   2   3   3   3   3   3   4   4   4   4   4   5   5   5   5
12411   0   0   1   1   1   1   1   6   7   7   7   7   11   11   11   11   11   12   16   16   16   16   16   17
12503   0   0   1   1   1   1   1   2   2   2   3   3   3   3   4   4   4   5
12582   0   0   1   1   1   1   1   1   2   2   2   2   3   3   10   10   10   10   10   10   10   11   11
12657   0   0   1   1   1   1   1   1   3   3   12   13   13   13   13   13   13   13   14   15   15   15   15
12720   0   6   6   8   9   9   9   9   9   9   9   10   15   19   24   29   33   34   34   37   37   38   38   38   38
12860   0   0   1   1   1   1   1   1   2   2   2   2   2   2   3   3   3   4   4   4   4   4   4   5   5
12928   0   3   3   3   6   6   10   10   10   10   10   10   12   14   14   16   16   16   16   18   20   20   21   21   21
12996   0   7   7   7   8   8   8   8   8   8   8   8   8   8   9   9   9   9   9   9   10   10   10   10   10
13070   0   1   1   2   6   6   8   8   8   9   9   9   16   16   16   16   16   16   17   17   17   25   25   30   31
13167   0   0   1   1   1   1   1   2   2   2   2   2   2   2   2   3   3   3   3   3   3   3
13242   0   2   3   7   8   8   8   8   8   8   8   8   8   9   9   9   9   9   9   9   9   10   10   14   14
13383   0   1   1   2   2   2   2   2   3   3   3   3   3   4   4   4   4   4   5   5   5   5   5   5   6
13458   0   0   1   1   1   6   6   7   7   7   7   7   7   7   8   8   8   8   9   9   9   10   10   10   10
13543   0   1   5   6   6   6   10   10   10   10   11   11   11   11   12   15   15   15   15   23   23   23   23   23   23
13633   0   0   1   1   1   2   2   2   2   5   6   6   6   6   6   6   7   8   8   8   9   9   9   9   9
13723   0   1   1   4   4   5   5   5   5   6   6   6   6   6   6   6   7   7   7   9   10   10   10   10   10
13793   0   1   1   4   9   9   9   9   9   9   10   10   10   10   10   10   11   11   11   14   14   15   15   15
13912   0   1   1   1   1   2   2   2   2   3   3   3   3   3   4   4   4   4   4   5   5   5   5   5   6
13984   0   2   7   11   11   11   11   11   11   11   11   12   12   12   12   12   12   12   12
14052   0   0   7   7   7   7   7   7   8   11   11   11   14   14   14   14   15   19   19   19   19   19   19   21   21
14118   0   6   6   6   6   6   6   6   6   7   7   7   8   8   11   11   11   11   11   11   12   13   13   14   14
14190   0   0   1   1   1   7   7   7   7   8   8   8   8   9   9   9   9   10   10   10   10   10   10   11
14264   0   2   6   6   6   6   6   6   6   7   7   7   7   7   7   8   8   8   8   8   8   9   14   14   14
14432   0   1   1   1   1   1   2   2   2   2   2   3   3   3   3   4   4   4   4   4   4   5   5   8   8
14505   0   1   1   3   4   5   5   7   7   7   7   9   9   9   9   9   9   10   11   11   11   11   11   11   12
16608   0   6   6   6   7   14   15   15   15   15   15   15   16   16   16   16   16   17   17   17   17   17   17   18   18
16694   0   0   1   4   4   5   5   5   5   5   5   6   6   6   6   6   6   6   7   7   7   7   7   9   10
16777   0   1   1   5   5   5   6   6   6   6   6   6   6   7   7   7   7   7   8   8   8   8   8   8   9
18868   0   2   3   28   28   28   28   29   29   29   29   29   29   29   30   30   30   30   30   30   30   30   30
18959   0   1   5   5   6   12   12   12   12   12   13   13   13   14   14   14   14   14   14   14   15   15   15   15
19032   0   0   1   1   1   1   4   4   8   9   9   9   9   9   9   9   16   16   16   16   16   16   16   16   16
21118   0   1   1   6   6   7   7   7   8   8   8   9   9   9   9   10   10   11   11   11
21247   0   0   2   2   2   2   2   2   3   3   3   3   3   3   4   4   4   4   4   4   4   5   5
21320   0   1   2   6   7   7   7   7   7   7   7   8   8   8   8   8   8   8   8   8   9   9   11
21394   0   3   3   3   3   3   9   9   10   10   10   10   10   10   10   11   11   11   11   11   11   11   11   11
21466   0   4   4   4   5   5   5   8   8   8   8   8   8   9   11   11   11   11   11   13   14   16   16
21531   0   4   5   5   5   5   6   6   7   8   8   29   31   31   31   32   34   36   36   37   37
21606   0   0   1   1   1   1   6   6   8   9   9   9   9   9   9   9   11   11   12   12
21674   0   2   2   9   9   9   9   9   9   9   10   10   98   98   98   99   99   99   99   99   99
21822   0   4   5   5   5   5   6   6   9   10   10   11   11   11   12   12   12   13   13   15   15   15   15   15   16
21892   0   6   8   8   12   14   15   24   24   25   25   25   25   26   26   27   27
21968   0   0   1   1   1   1   1   5   7   11   11   11   11   11   11   11   12   12   12   12   12
22038   0   0   1   1   1   1   7   8   8   8   12   12   12   13   13   13   13   13   13   13   15   15   18   18
22106   0   1   1   8   8   8   8   8   9   9   9   9   9   10   10   10   10   10   10   10   15   15
22188   0   1   1   1   1   1   1   6   6   6   6   108   108   109   109   109   109   109   110   110
24280   0   0   1   1   3   4   7   8   8   8   8   8   8   9   9   9   9   9   9   9   9   9   10   10
24394   0   1   1   1   1   2   2   2   2   2   3   3   3   3   3   4   4   4   4   5   5   5   6   6
24461   0   0   1   1   2   6   6   6   7   7   10   10   10   14   14   14   14   15   15   15   15   15   24   24   25
24531   0   2   3   7   7   7   10   10   14   17   17   17   17   20   22   22   22   22   23   23   23   23
24624   0   4   5   5   5   8   8   8   8   8   9   9   9   9   9   9   9   9   10   12   14   14   15   15   15
24690   0   3   4   5   5   11   12   12   12   12   12   12   12   12   13   13   13   13   13   13   13   15   17   18   19
24767   0   2   8   8   9   9   9   9   9   9   9   9   10   10   10   10   11   11   11   13   13   13   14
26856   0   6   6   6   6   6   7   7   7   7   10   10   15   15   15   15   16   16   16   17   17   17   17   17   17
27016   0   0   1   2   2   2   2   2   2   3   3   3   3   4   4   4   4   4   5   5   5   6   6   6
29112   0   1   1   5   5   5   6   6   6   7   7   8   8   8   9   9   9   10   10   10   10   11   11   11   12
29194   0   6   6   6   6   7   7   7   7   8   8   8   8   8   9   12   12   13   13   14   14   17   17   18   18
29281   0   0   1   1   1   7   7   7   8   8   8   8   8   9   9   9   9   9   10   10   15   15   16   18   18
31370   0   4   5   5   7   7   7   7   7   7   7   7   8   8   8   8   12   12   12   12   12   12   13   13
31446   0   0   0   1   1   1   1   6   6   7   7   7   7   7   7   7   7   7   7   8   12   12   12
31528   0   0   1   5   5   5   6   6   6   6   6   6   6   6   7   7   7   7   7   7   8   8
33611   0   1   1   10   11   11   11   11   11   12   12   12   12   12   12   12   12   13   13   13   13   13   13   13   13
33686   0   1   1   2   7   8   8   8   8   8   8   9   9   9   9   9   9   9   9   9   9   11   11   11   11
33832   0   1   1   1   1   2   3   3   3   4   4   4   5   5   5   5   6   6   6   8   8   8   8   8   9
33912   0   0   1   1   6   6   6   6   6   8   8   8   8   9   9   9   9   9   9   9   9   9   10   10   10
33984   0   0   6   6   6   6   6   6   6   6   6   7   7   7   7   7   7   7   8   8   8   8   8   9   9
36068   0   1   1   2   4   5   5   8   8   8   8   8   9   9   9   9   11   11   12   12   12   12   12
36140   0   0   0   1   1   1   5   5   5   5   5   6   6   6   8   8   8   8   8   8   8   9   9   9   9
38238   0   1   2   2   5   5   5   6   6   6   7   7   7   8   8   10   10   11   11   11   11   12   12   12   12
38314   0   1   1   5   5   6   7   7   7   7   9   9   9   10   10   10   11   11   11   11   11
38385   0   2   3   6   6   6   6   9   9   9   9   9   9   9   9   10   10   10   10   10   10
38549   0   1   1   1   2   2   2   3   3   4   4   5   5   5   5   5   5   5   5   6   6   6   6   6   6
38624   0   1   2   2   6   7   7   14   14   14   14   15   15   15   15   15   15   15   17   18   18
38696   0   1   1   2   2   2   5   5   5   6   6   6   6   6   6   7   7   7   8   8   8   8   8   12   12
38766   0   1   2   2   3   3   3   4   7   7   7   7   8   8   8   8   8   8   8   8   9   9   9
38834   0   6   6   7   7   7   7   7   7   8   8   8   8   8   10   11   11   11   11   11   11   11   11   11
40902   0   10   10   16   16   16   16   17   17   17   17   23   23   23   23   23   23   23   23   23   23   24   24   24   24
40987   0   0   1   6   6   6   6   7   7   7   9   9   9   9   10   10   10   10   10   11   11   12   13   13   13
41069   0   0   1   1   1   1   1   2   2   2   2   2   3   3   3   3   3   4   10   10   11   11   11   11   11
41231   0   3   3   3   4   4   4   7   7   7   7   9   9   9   9   9   9   9   9   9   9   9   10   11   11
41307   0   1   7   7   7   7   7   9   9   9   9   10   10   10   10   17   17   17   18   19   22   24   24   24   25
41382   0   0   0   1   5   5   6   6   6   6   10   10   10   10   10   10   12   12   16   16   17   17   17   17   17
41453   0   0   0   1   1   1   1   5   6   6   6   6   6   7   7   7   7   8   8   8   8   8   8   8   8
41538   0   0   1   1   1   1   1   1   1   1   5   5   6   6   6   7   7   7   12   12   12   12   12   12   12
41605   0   3   3   91   91   93   93   93   93   93   93   94   94   94   94   94   94   94   94   94   94   94   94   94
41755   0   0   5   5   5   12   12   13   13   14   14   14   14   14   14   14   14   14   14   14   16   16   17   17   18
41830   0   6   6   6   6   6   7   7   7   7   12   12   13   13   13   13   13   13   17   17   17   18   18   18   18
41917   0   8   9   9   10   10   10   10   10   10   10   10   10   10   14   14   14   14   14   14   15   15   15   15   15
42008   0   0   1   6   6   6   7   7   7   7   7   7   7   7   9   9   9   9   9   9   9   9   9   12   12
42074   0   1   9   9   9   9   9   9   9   9   9   10   10   10   10   10   10   10   10   10   11   16   16   16
42219   0   1   1   2   3   3   3   3   3   4   4   4   4   4   4   5   5   5   5   5   5   6   6   6   6
42293   0   0   1   1   1   4   4   4   4   4   5   5   5   13   13   14   14   14   14   14   15   15   15   15
42405   0   0   1   1   1   2   2   2   2   2   2   3   3   3   3   4   4   4   4   4   4   5   5   5   5
42485   0   1   1   1   2   2   2   2   2   3   3   3   3   4   4   5   5   6   6   6   6   6   7   7   7
42560   0   0   1   1   1   2   2   11   12   12   13   13   13   13   13   13   13   13   13   16   16   16   17   17   17
42638   0   0   3   3   4   4   4   4   5   6   6   6   6   8   8   8   9   9   9   9   9   9   9   9   9
42787   0   5   5   6   6   6   6   6   6   6   6   7   7   7   7   7   7   7   8   8   10   11   11   11   11
42860   0   4   4   4   7   7   8   8   8   8   8   10   10   10   10   11   11   12   12   12   12   12   12   12   12
42935   0   0   3   4   4   5   11   11   11   11   12   15   15   15   15   15   15   15   15   15   15   16   16   16   16
43015   0   0   1   4   4   10   11   11   17   17   17   17   17   17   51   51   51   51   51   51   51   51   51   51   52
43096   0   0   1   1   1   1   1   1   1   7   8   8   8   8   8   8   8   9   9   9   9   9   9   9   9
45204   0   1   1   15   15   15   16   16   16   16   16   16   16   16   17   17   17   17   17   17   17   18   18   18   18
45364   0   1   1   2   2   2   3   3   3   4   4   4   4   5   5   5   5   5   6   6   6   6   7   7   7
45438   0   1   1   1   2   3   3   4   4   4   4   4   5   5   5   5   10   10   10   11   11   12   12   15   15
45526   0   0   1   1   1   6   6   6   6   6   7   8   8   9   9   9   9   9   9   9   9   9   9   9   10
45606   0   1   1   1   1   1   3   3   4   7   8   8   8   8   9   9   9   9   9   10   10   10   10   10   10
45685   0   1   1   1   2   2   2   8   8   8   8   10   11   11   11   13   13   13   14   14   14   14   14   14   15
45764   0   0   1   7   7   7   8   8   8   8   9   9   9   9   15   15   17   17   20   20   20   20   20   20   21
45890   0   1   1   1   1   6   6   10   10   10   12   13   13   13   16   16   16   16   16   16   17   17   17   17   17
47991   0   1   1   1   2   19   19   20   20   20   20   20   20   21   21   21   21   21   22   22   23   23   23   23   23
48084   0   0   5   5   5   5   6   6   6   6   6   8   8   8   9   9   9   11   11   11   11   11   11   12   12
48175   0   0   14   14   15   15   15   15   15   15   16   16   16   17   17   17   17   17   17   17   17   17   18   18   18
48252   0   9   9   9   11   11   11   11   11   11   12   13   14   20   20   20   20   20   20   20   20   21   21   21   21
48321   0   0   1   1   3   10   10   10   10   10   10   10   11   12   12   13   13   13   13   15   15   15   15   15   15
48402   0   0   1   1   7   7   8   8   8   8   8   8   8   8   8   8   8   9   9   9   10   10   10   10
48514   0   0   1   1   1   1   1   2   2   2   2   2   2   3   3   3   3   3   4   4   4   4   4   4
48601   0   0   1   1   1   1   3   7   7   7   7   7   8   8   8   8   8   8   8   8   8
48676   0   3   3   3   10   10   10   11   11   11   11   11   14   15   15   15   17   17   18   18   18   18   18   18   18
48747   0   1   1   11   11   12   12   12   13   13   13   13   13   13   13   13   13   13   17   17   17   17   17   18   22
48827   0   0   1   2   2   6   6   6   6   6   7   7   7   7   7   7   8   9   10   10   11   11   11   11   12
48906   0   1   2   13   13   13   13   13   13   13   13   14   14   14
50996   0   1   1   1   1   1   2   2   2   2   2   15   15   15   15   15   15   16   16   16   16   16   16   16   16
51137   0   1   1   1   1   1   1   2   2   2   3   3   3   3   3   4   4   4   4   4   5   5   5   5   5
51211   0   6   7   7   7   17   17   18   18   18   18   18   18   18   18   18   19   19   27   27   27   34   37   37   37
51278   0   5   6   6   6   6   6   6   6   9   9   9   14   14   14   14   14   14   14   14   14   16   16   17   17
51366   0   3   25   25   26   26   26   26   26   27   27   27   27   27   27   27   27   28   28   28   28   30
51465   0   0   0   1   3   4   4   4   4   4   7   7   8   8   8   8   8   8   9   9
51545   0   0   2   2   2   2   2   7   7   7   7   8   8   8   8   8   8   8   12   12
51665   0   1   1   1   1   1   1   1   2   2   2   2   3   3   3   3   3   3   3   4   4   4   4   4
51752   0   4   4   4   8   8   8   8   8   9   9   9   10   10   10   10   12   12   12
51826   0   10   10   10   10   13   13   13   13   17   17   17   21   21   21   23   23   23   26   27   27   27   54   54   54
51933   0   1   1   1   1   1   5   5   5   11   11   11   11   12   12   12   12   12   12   17   17   17   17   17   17
52026   0   0   1   2   6   6   6   6   6   6   6   6   7   7   10   10   11   11   11
52181   0   0   1   1   1   1   4   4   5   5   5   5   5   6   6   16   16   16   16   16   17   17
52265   0   1   1   1   7   7   8   8   9   9   9   9   9   9   9   9   10   10   10   10
52335   0   10   11   11   11   12   13   13   13   13   13   13   13   13   14   14   14   17   17   17   17   18   18
52405   0   0   6   7   7   16   16   16   16   18   18   24   24   24   25   25   25   25   28   28   28   33   33   33   33
52478   0   6   6   7   7   8   8   10   14   14   17   17   20   20   20   20   20   21   21   21   22   22   25   25   25
52542   0   3   9   9   9   11   16   16   17   17   17   17   17   17   18   18   18   18   18   18   18   18   18   18   18
52617   0   0   0   1   1   1   1   1   87   88   89   89   89   90   90   90   90   90   90   90   91   91   91
54805   0   2   3   3   3   4   4   5   5   6   7   8   8   9   9   9   10   10   10   11   11
54878   0   3   5   5   6   6   8   12   12   12   12   13   17   17   17   22   22   22   23   23   23   23   28
54952   0   0   1   1   1   1   5   5   5   5   5   5   6   11   11   12   12   16   22   22   26   26
55031   0   0   1   1   1   1   1   1   2   2   2   8   8   8   8   8   9   9   9   9
55102   0   4   10   11   11   11   11   15   16   16   16   16   16   17   17   17   17   17   17   17
55182   0   0   1   4   4   4   8   8   8   8   8   8   9   9   9
55326   0   1   2   2   2   3   3   4   4   4   4   5   6   6   7   7   7   8   8   8   8
55402   0   1   2   7   7   7   7   8   19   19   19   19   19   20   20   20   22   26   27   27
55486   0   1   1   8   8   8   8   8   9   9   9   9   9   9   9   9   9   10
55558   0   3   3   10   11   11   11   11   11   11   11   11   12   12   12   12   12   14
55634   0   1   5   5   6   6   6   6   7   7   12   12   12   12   12   13   13   13   13   13   13   13   14
55713   0   1   1   5   5   6   6   6   6   6   6   7   7   7   9   9   10   10   10   10   10   10   10
55850   0   1   1   1   1   2   2   2   2   3   3   3   3   3   3   4   4   4   4   4   4   4
57949   0   4   4   5   5   6   6   7   7   7   8   8   8   9   9   9   10   10   11   11   11   12   12   12   13
58030   0   1   1   2   2   2   2   3   3   3   3   4   4   4   4   8   9   9   9   9   10   10   14   14   14
58110   0   1   2   7   7   7   7   7   7   8   8   8   8   8   8   8   8   9   9   9   9   9   9   9   9
58189   0   1   1   1   1   2   2   5   5   5   5   5   6   6   9   9   9   10   10   10   10   10   11   11   11
58257   0   2   4   4   4   4   5   8   9   9   9   9   9   9   9   9   11   11   11   16   16   17   17   17   17
58335   0   8   8   9   9   9   9   10   10   10   10   10   10   10   11   11   11   11   11   11   12   12   12   12   12
58471   0   1   2   2   2   2   3   3   3   4   4   4   5   5   5   6   6   6   6   7   7   8   8   8   8
58540   0   1   1   1   2   2   5   7   9   9   11   12   13   18   19   21   21   21   22   22   22   22   24   24   24
58632   0   3   3   9   10   10   10   10   11   11   11   11   11   11   11   11   11   12   12   12   12   12   12   12   12
58714   0   0   3   3   7   7   8   8   8   8   9   9   20   20   20   20   20   20   20   20   22   22   22   22   22
58833   0   0   1   1   1   1   1   3   8   9   9   10   11   11   11   11   12   12   12   12   14   14   17   17   34
58995   0   2   2   2   2   2   3   3   4   4   4   4   5   5   5   5   6   6   7   7   7   8   8   8   8
59082   0   0   1   4   4   4   4   4   6   6   6   6   6   6   6   6   7   7   7   7   13   13   13   13   13
59150   0   4   4   5   6   6   16   17   17   17   17   17   18   18   25   25   25   25   25   25   26   26   26   26   26
59224   0   0   1   4   5   5   9   9   9   9   10   16   16   16   21   21   23   26   27   27   27   28   28   28   29
59295   0   5   5   5   5   9   9   10   10   14   15   15   20   20   20   21   21   21   21   21   21   21   21   21   21
59374   0   0   0   3   3   4   5   5   5   6   6   6   6   6   6   6   6   8   8   8   8   8   10   10   10
59522   0   5   7   20   20   20   20   20   20   20   20   20   20   21   21   21   21   21   21   21   21   21   21   21   21
